# Camera list with one line of data per camera:
0 FULL_OPENCV 1024 1024 1074.281 1075.423 542.834 484.884 -0.22 0.031 -0.005 0.002
1 FULL_OPENCV 1024 1024 1076.25 1078.285 557.19 481.607 -0.298 0.29 -0.008 0.007
2 FULL_OPENCV 1024 1024 1075.249 1078.526 554.169 467.784 -0.294 0.339 -0.008 0.009
3 FULL_OPENCV 1024 1024 1026.656 1027.871 498.499 481.971 -0.263 0.326 -0.004 0.001
4 FULL_OPENCV 1024 1024 1047.713 1051.933 532.031 509.435 -0.3 0.437 -0.003 0.008
5 FULL_OPENCV 1024 1024 1092.133 1096.83 503.17 511.327 -0.342 0.474 -0.01 0.0
6 FULL_OPENCV 1024 1024 1045.171 1047.629 521.355 497.146 -0.24 0.1 -0.001 0.002
7 FULL_OPENCV 1024 1024 1068.328 1073.517 490.989 485.312 -0.232 -0.056 -0.003 -0.0
8 FULL_OPENCV 1024 1024 1071.999 1075.707 503.785 478.288 -0.237 0.068 -0.003 0.001
9 FULL_OPENCV 1024 1024 1092.385 1097.082 536.674 490.566 -0.291 0.36 -0.003 0.006
10 FULL_OPENCV 1024 1024 1087.989 1094.488 534.983 481.785 -0.275 0.233 -0.007 0.01
11 FULL_OPENCV 1024 1024 1109.192 1110.679 564.409 510.307 -0.276 0.104 -0.009 0.014
12 FULL_OPENCV 1024 1024 1084.406 1087.589 480.555 480.133 -0.329 0.634 -0.005 0.004
13 FULL_OPENCV 1024 1024 1067.794 1071.242 556.623 502.646 -0.28 0.269 -0.003 0.004
14 FULL_OPENCV 1024 1024 1091.552 1093.264 515.381 480.017 -0.224 -0.009 -0.006 0.002
15 FULL_OPENCV 1024 1024 1057.086 1060.237 510.436 477.246 -0.237 0.161 -0.003 -0.001
16 FULL_OPENCV 1024 1024 1070.285 1076.031 523.172 478.287 -0.308 0.419 -0.007 0.005
17 FULL_OPENCV 1024 1024 1075.58 1081.384 531.273 491.386 -0.298 0.391 -0.007 0.009
18 FULL_OPENCV 1024 1024 1098.623 1108.72 539.127 488.28 -0.308 0.309 -0.006 0.009
19 FULL_OPENCV 1024 1024 1050.586 1057.682 507.43 462.274 -0.267 0.223 -0.004 0.007
20 FULL_OPENCV 1024 1024 1091.721 1099.216 519.052 486.651 -0.256 0.107 -0.011 0.003
21 FULL_OPENCV 1024 1024 1069.094 1069.684 551.812 477.388 -0.293 0.428 -0.004 0.008
22 FULL_OPENCV 1024 1024 1069.552 1076.577 534.139 478.764 -0.223 0.046 -0.005 0.003
