# Image list with two lines of data per image:
0 0.05595455778767919 -0.003295567263066267 -0.5971567880676073 -0.8001637314724895 0.059 0.993 2.989 0 00.png

1 0.2718754809628552 -0.09842800723464287 -0.5459968703204714 -0.7863097785499574 0.383 0.899 2.948 1 01.png

2 0.30105849607013585 -0.191098979594737 -0.5295740953266386 -0.7696728132790005 0.34 0.942 2.925 2 02.png

3 0.37313436795481597 -0.18580352925311291 -0.5086176441529543 -0.75336304928258 -0.133 0.724 2.832 3 03.png

4 0.4568923789742008 -0.32293207976821137 -0.47628424830135696 -0.6783196449402629 -0.182 0.956 2.843 4 04.png

5 0.5063597802206616 -0.3512022321441809 -0.4598385778605625 -0.6393787980712242 -0.609 0.912 2.908 5 05.png

6 0.6171941132902253 -0.4231078096585721 -0.4157229710916359 -0.5169386996855243 -0.731 1.01 2.856 6 06.png

7 0.7171217605737193 -0.48488748393581615 -0.3172330044016244 -0.38727732873531623 -0.303 0.926 3.128 7 07.png

8 0.7372408893925826 -0.5255170901020177 -0.23543529946511577 -0.353380642910889 -0.296 0.878 3.221 8 08.png

9 0.7348853149245452 -0.5355109344532887 -0.20656071728274705 -0.36125376546806404 -0.836 0.877 3.241 9 09.png

10 0.811613122795677 -0.5566768128412681 -0.12172916008303614 -0.12875199624167263 -0.28 0.659 3.469 10 10.png

11 0.8268730476066171 -0.554129212827674 -0.07438607954696053 -0.06073293836429055 -0.784 0.621 3.58 11 11.png

12 0.8216743443487359 -0.5690608245675093 0.015037115100049903 -0.028194590812593488 -0.733 0.785 3.553 12 12.png

13 0.7934646064621481 -0.5785577425675091 0.1088283856598048 0.1544060856369881 -0.378 0.836 3.611 13 13.png

14 0.7704073471505495 -0.5256704076116756 0.21072927743731218 0.2928076393275562 -0.149 0.504 3.808 14 14.png

15 0.6905578100421301 -0.53583621035832 0.2978855727033728 0.38376249456380473 0.016 0.982 3.642 15 15.png

16 0.6541921340768853 -0.4664870722170016 0.31481263663793857 0.5052875092255991 0.113 0.615 3.716 16 16.png

17 0.6177561854144814 -0.355856728921014 0.38757533845854053 0.5844045181914093 0.227 0.287 3.717 17 17.png

18 0.5184336601588083 -0.30719209385259544 0.46558150452286184 0.6481461410322739 0.366 0.493 3.652 18 18.png

19 0.4157833713320314 -0.30143109724345024 0.4973414008679915 0.6992245796030367 0.3 0.716 3.42 19 19.png

20 0.31083654522334786 -0.18824082975757542 0.546542288410828 0.7544783357687934 0.487 0.843 3.388 20 20.png

21 0.1586251431459166 -0.13500292667180222 0.5648438512304685 0.798475859045919 0.594 0.964 3.182 21 21.png

22 0.1286796234538256 -0.05399471967204979 0.5726191608532671 0.8078573026092037 0.517 0.87 3.153 22 22.png

