my_377
2200 31.829692101096086 0.9746024728140091 18.0725847958602
2500 31.91672772902218 0.9748710342907012 17.869651315106267
2700 31.848134015333205 0.97469078299196 17.815282650511055
3000 31.833508282421743 0.9746909224413295 17.74706513456562
3200 31.937350528125457 0.9749412284815374 17.621309710616735
3400 31.800027653495256 0.9746305910661258 17.715718609624528
3600 31.83496566507268 0.9743904136718913 17.980530559219776

my_386
2200 33.47240578044544 0.9685024995217348 27.75091997143578
2500 33.51598232187689 0.9687405187178423 27.327126726249162
2700 33.5584456652881 0.968829332666601 27.407708415950843
3000 33.51309102614295 0.9685393677038304 27.419597129611404
3200 33.52715382601488 0.9686615376230229 27.227289999591154
3400 33.51356998994388 0.968619426463377 27.470999770862534
3600 33.45947617515523 0.9685621559619902 27.325504608850746

my_387
2200 28.094126211768163 0.9555975045749847 36.85458650922074
2500 27.98182724631406 0.9551410244747917 37.1636967996464
2700 28.08195187063778 0.9556135320089717 36.561983428337676
3000 28.121078838001598 0.9555460883971841 36.533384265149024
3200 28.219829799019713 0.9557451679107339 36.26910046260943
3400 28.058985597947064 0.9551857639761532 36.79644289043019
3600 28.152616500854492 0.9553294892617087 36.67121368116714

my_392
2200 32.15117552446171 0.9663475085707272 29.200865936908812
2500 32.13562073427088 0.9662101622571282 29.27965974624463
2700 32.15118858520997 0.9662326805413087 29.26206193306548
3000 32.11429108400396 0.9661151185073954 29.31266230715309
3200 32.24904689686821 0.9663842387377897 29.255396178500217
3400 32.13238630957782 0.9661242858292585 29.391657346909373
3600 32.23721116111878 0.9660955050731087 29.618829712869328

my_393
2200 30.132203963988605 0.9574938791002181 33.627385084323066
2500 30.13019365422866 0.9577623207301379 33.42513199696407
2700 30.043367472561922 0.9573061631962577 33.52475392427993
3000 30.082877862899696 0.9573649223794274 33.49961600400866
3200 30.09326327930797 0.9573578743692387 33.560337239806664
3400 30.07850798438577 0.9572880037009397 33.729699519985815
3600 29.999480007804014 0.956924162605867 34.11225400825235

my_394
2200 31.389313534619333 0.960217153484171 29.447977849466593
2500 31.44471415861405 0.9604153080101319 29.279040192617448
2700 31.4624638633932 0.9604662744437946 29.286615226796286
3000 31.478306556130473 0.960409531618822 29.363059884505
3200 31.431512317555473 0.9603071215955968 29.53555039503676
3400 31.428062867353304 0.9603467298382743 29.39890693116156
3600 31.473101881098618 0.9604037813643083 29.49512608468851
