my_377
2200 31.858078579214165 0.9746305378363094 18.055094605222106
2500 31.91762425427768 0.9748089885647921 17.877529190982727
2700 31.86072890643767 0.9746664560096149 17.81622558224568
3000 31.84313471687031 0.9746895706589846 17.745021738131893
3200 31.935244789735517 0.9749233676469262 17.646961925142907
3400 31.788171365299323 0.9745564451192151 17.755919136106968
3600 31.84589876083129 0.9743363477967002 18.088384795396085

my_386
2200 33.488713004372336 0.9685441697026318 27.652737455452506
2500 33.50684616272462 0.9687203015873138 27.21592777702499
2700 33.55534213876979 0.9688388631943075 27.36712384341474
3000 33.49392794032785 0.9685045571569453 27.43275988757371
3200 33.52618315895611 0.9686917174946178 27.07114866511388
3400 33.49363501951656 0.9685703394884732 27.35489259727976
3600 33.446273747612445 0.9685770481984245 27.2946259589557

my_387
2200 28.079529644971224 0.9555557397278872 36.67870477180589
2500 27.95998966502633 0.9550633028866773 36.976997626019035
2700 28.047428233100767 0.9554953622945489 36.31221434788748
3000 28.09696260238076 0.9554274428018273 36.36377389458092
3200 28.20728279052571 0.9556469005696914 36.20661921141779
3400 28.050203323364258 0.9550962040131105 36.55035421750284
3600 28.155021126895026 0.9552447022919985 36.36414047709123

my_392
2200 32.09592520361915 0.9662197538238158 29.290645243849024
2500 32.07070042105282 0.9660304805492972 29.243095688282807
2700 32.075433027298054 0.9660805686909885 29.23929866622476
3000 32.05109625831645 0.9659780579454758 29.18307505607764
3200 32.15979060004739 0.9662118493554426 29.183692453219926
3400 32.05190770766314 0.9659560703657527 29.297529346244854
3600 32.16846542562393 0.9659604572038599 29.47836509721483

my_393
2200 30.123224880606095 0.9575241845559308 33.54816633291583
2500 30.109709984478464 0.957712496506339 33.214037605426846
2700 30.035913793798436 0.9573210785414445 33.3614753519389
3000 30.07102794443222 0.9574006807039128 33.442653023343986
3200 30.08008053213517 0.9573968672816128 33.518226642938544
3400 30.066408279745335 0.957327171602351 33.65352395722732
3600 29.974671389329878 0.9569100651511534 33.97920864190966

my_394
2200 31.370000956530237 0.9602036793282962 29.481153138340474
2500 31.424656832281915 0.9603652552487378 29.298805108762043
2700 31.454593622748224 0.960410765466843 29.30123126383293
3000 31.456506351736138 0.9603720595811139 29.367228927598756
3200 31.428198115710906 0.9602794234446663 29.402368547604045
3400 31.3980577285277 0.9602102446046105 29.26620824591202
3600 31.441932402830073 0.9602236229786898 29.47192079820894
