my_377
1200 31.75106840374089 0.9725869573464915 19.583518460330342

my_386
1200 33.02611804609539 0.9639757345704472 32.01453843746199

my_387
1200 27.87169434042538 0.9527423712385803 36.305692459062705

my_392
1200 31.406790842863025 0.961188028673498 31.908488062833868

my_393
1200 29.62974629014814 0.9546869883016378 34.28610373048389

my_394
1200 30.560820550143887 0.9553127432403778 32.09704020339735

my_377
800 31.69509257255148 0.9722111939716072 30.184155737026398

my_377
800 31.75093155014081 0.9725747120146658 37.24974867071258

my_377
800 32.278557961728396 0.9747114164822576 33.41029363186085

my_377
800 31.269902242665864 0.9707925321341229 23.988793684947055

my_377
800 32.3401445127001 0.9751469823492676 31.705460362449415

my_377
800 31.236602735118705 0.9699027471515644 24.439953486709033

my_377
800 31.73092502839759 0.972666038017647 29.731711158815884

my_377
800 31.738996521765444 0.9727404608446009 36.77563866501262

my_377
800 31.53791457531499 0.9713611602783203 24.980208938237
