my_377
2200 27.875383724351558 0.9602369009947577 34.67548992328283
2500 28.175820775392676 0.9608384809908079 33.565795633430575
2700 28.102084125123437 0.9605645226831195 33.22392593057049
3000 28.355588202383004 0.9610836565995416 32.24641939296442
3200 28.363056701104515 0.9607771771962569 32.16558236221807
3400 28.469383538938036 0.9608175083368766 31.765089659881195
3600 28.547239485241118 0.9608316818873087 31.548782854395753

my_386
2200 31.44919059924385 0.960786644985028 38.26593601403117
2500 31.41046130824156 0.9604483043112341 38.24748993128622
2700 31.435925395548846 0.9602647061441459 37.97577576143067
3000 31.44803218147 0.9599983555262163 37.81390209950987
3200 31.45829139837698 0.9591431634432795 37.88102650884487
3400 31.4124445554589 0.9592003159496296 37.78636853108887
3600 31.37785998646285 0.9588723583381717 37.95913463401027

my_387
2200 26.107693616081686 0.9389347222004952 56.31184543506438
2500 26.163906369890487 0.938834703269125 56.11691989150702
2700 26.18294163979068 0.9391999311473858 55.724292106571646
3000 26.24450368907939 0.9393660399426266 55.22310621097308
3200 26.240679380272617 0.9389117006160298 55.45667473341571
3400 26.247039773551023 0.9385029878936896 55.268848351403776
3600 26.293933131113775 0.9385256720524209 54.99698442905223

my_392
2200 27.683219824184558 0.9452398502860083 57.38364231018793
2500 27.7321641531979 0.945670025188382 56.56935738957897
2700 27.764423792435675 0.9460673933269597 56.026666010377795
3000 27.734117951379773 0.9456897174276891 55.7104748118074
3200 27.75952103558709 0.9461453872568467 54.82846296572385
3400 27.792365520274274 0.9458440587300212 54.4989958134185
3600 27.77747463044666 0.9455421677156657 54.54553440421903

my_393
2200 26.2928141158502 0.9359480164298156 64.41856217922783
2500 26.342116625703017 0.9359658250287801 63.8535041518572
2700 26.383899581866437 0.9359833113953513 63.453211211690714
3000 26.44057459256896 0.9364487580558499 62.77972602230661
3200 26.431997822780236 0.9357519166476252 62.99291554765374
3400 26.440183030457057 0.9355662648751288 62.82538273150012
3600 26.457556481454887 0.9351702487769247 62.72699988606263

my_394
2200 27.705508416440306 0.9417658389783373 52.247466900352
2500 27.726374201413964 0.941734406460567 51.74692643477636
2700 27.76272439288826 0.9419293007930788 51.28084952716066
3000 27.77972233128481 0.9421918370476624 50.85194404093491
3200 27.794374973500144 0.9417795902874624 50.83558888954609
3400 27.798137985357716 0.9416618667730764 50.473603714747924
3600 27.850441780410897 0.9418155487512007 50.049616112595515


