
my_377
2200 31.72914928682044 0.9739911026981365 15.672435038344783
2500 31.771401760624904 0.9741131511389041 15.524017509772163
2700 31.84687811587037 0.9743968595643672 15.234921766700698
3000 31.80161472929626 0.9742903986564871 15.29377101756194
3200 31.82060860385414 0.9742671294706542 15.294361806080705
3400 31.799925929691945 0.9740836603634832 15.302821289466209
3600 31.787398928687686 0.9740177827055047 15.415132590973911

my_386
2200 33.37754183323109 0.9685397613950136 24.12477652450987
2500 33.43010110614681 0.9685416378560854 24.083924318040285
2700 33.40583390414882 0.9685946502605406 23.89962677204726
3000 33.46182305472238 0.9686800904300701 23.907744643964524
3200 33.4339515782204 0.9685254457618008 23.963214503470756
3400 33.41284524292505 0.9685385541087773 23.919362773080497
3600 33.39777332594415 0.9683541713976392 24.084395149863568

my_387
2200 28.008277102344845 0.9553565322851935 31.143438811896562
2500 27.93987862936923 0.9549892965485068 31.284216212249603
2700 27.988559909895354 0.9550252541774461 31.13156819001299
3000 28.03253259311537 0.9551620904137107 31.063472992983183
3200 27.97986414185425 0.9549858610169226 31.233883788939618
3400 28.003959404654196 0.954858199554999 31.194214972586526
3600 28.070307194685736 0.9549011491259941 30.95998610852479

my_392
2200 31.87773204985119 0.965622660158729 25.8333862130465
2500 31.91347885131836 0.9654829877765239 25.780811144106863
2700 31.96309894273261 0.9655945249298373 25.730027571967504
3000 31.894198388278653 0.9653489541272823 25.775211109291938
3200 31.94736166561351 0.9653175555023492 25.94740524710644
3400 31.888441764340012 0.965146400514437 25.934102916333522
3600 31.941053833948132 0.9652182813785991 25.987721898746926

my_393
2200 29.853589872686136 0.9566822192248177 29.858124158045158
2500 29.866714611106893 0.9567279443353498 29.707684152934398
2700 29.870566691337178 0.9566425871448356 29.844570550180617
3000 29.892981200658976 0.9566960845674787 29.739237033060284
3200 29.87463317999319 0.9564352982184466 29.88798767380437
3400 29.878167593178627 0.9564748698589849 29.855082677651186
3600 29.913099395794696 0.956389480779151 29.812791695197422

my_394
2200 30.90073506972369 0.9588874678651825 26.297839358448982
2500 30.901938360946186 0.9589802749684545 26.204539919454678
2700 30.922218504406157 0.9589975082239851 26.14847659355118
3000 30.924106656670237 0.9591229035406887 26.178007102793174
3200 30.907550234754545 0.959024332651571 26.101415596004962
3400 30.889976122132204 0.9588520822404814 26.186191375140382
3600 30.94195354686064 0.9588697330624449 26.221335682944925
