
my_377
2200 31.714233473235485 0.9738986445408242 15.68145502791727
2500 31.769969400571508 0.9740963631651315 15.476646916601672
2700 31.844069531651773 0.9743363107619833 15.183862230899623
3000 31.791072984369528 0.9741660692110783 15.350767663035658
3200 31.81654253727248 0.9741713645077553 15.327637023827275
3400 31.80543988225173 0.9739745005506093 15.375612645360436
3600 31.806111920781497 0.9739709968994311 15.34476201115202

my_386
2200 33.41990803202995 0.9686543049932528 23.985222882019876
2500 33.46722108108991 0.9686878862835112 23.878324769061653
2700 33.443694988218674 0.9687311827969485 23.73559176608795
3000 33.46727331145471 0.9687268982748357 23.805229992446613
3200 33.450235436276564 0.9685773432087832 23.828388011756065
3400 33.43045766280145 0.9685887714394 23.82540110895196
3600 33.3788129555411 0.9682617780207252 24.029934588371038

my_387
2200 28.045379147142256 0.9553470421238106 31.127184989447354
2500 27.920776703778436 0.954950306929794 31.342442906579052
2700 28.014383209185773 0.9551190772310358 31.085668230841474
3000 28.031262934708796 0.9550758535120668 31.045699372094553
3200 27.985492246825487 0.9549052257831692 31.19013051004136
3400 28.000062894420463 0.9546953434703731 31.203473988576096
3600 28.056080179722034 0.9547435339091539 31.04098873207716

my_392
2200 31.904016542835397 0.9655640177032193 25.803383199774586
2500 31.926384330129757 0.9654719074901079 25.762147609280106
2700 31.96392684423623 0.9655575596985697 25.6624014875969
3000 31.928059949260465 0.9654863638704231 25.55474926161916
3200 31.931783457096216 0.965328091666812 25.83011049328565
3400 31.9064085022742 0.9652060888060668 25.82010111565433
3600 31.931007283742353 0.9651974119058176 25.88780592417433

my_393
2200 29.87923228907652 0.9566580536318761 29.835262307140674
2500 29.895964149667435 0.9567750668993183 29.714327477732628
2700 29.898876232927254 0.9567126052386287 29.78226719345866
3000 29.923538523227894 0.9567724374495968 29.713391835073462
3200 29.90563044294256 0.9565616874467759 29.764581502986555
3400 29.905726985771114 0.9565416617887694 29.856819424684307
3600 29.917664909897063 0.9565511900169843 29.66801987058308

my_394
2200 30.970114715960847 0.958947714303388 26.370278296141734
2500 30.961158223512793 0.9589985857824651 26.225875343094355
2700 30.96298036121187 0.9589592306887736 26.0481241026095
3000 30.994170586935947 0.9591015892870286 26.129496205566813
3200 30.96282852664381 0.9589614430729415 26.103732742223087
3400 30.945720400129048 0.9587925473848978 26.119911544943225
3600 30.985626824429723 0.9588071284841757 26.189596340039365
