my_377
2200 31.928759559590546 0.9742698090917923 15.715418941276596
2500 31.969747533135234 0.9744243717448596 15.68913905268764
2700 31.953625255727513 0.9743356580402761 15.693957944784092
3000 31.968463459116887 0.9743456926575318 15.614025659590242
3200 31.966297542347625 0.9741441118207207 15.8422446615476
3400 32.01406274887329 0.9742474098575306 15.777813200963372
3600 31.776094054155806 0.9734401999310376 16.437080902928976

my_386
2200 33.29252484775482 0.968246599888419 24.98928491862859
2500 33.38938670234884 0.9685415139491544 24.593416215443515
2700 33.429018127727 0.9686014019550486 24.56587659354436
3000 33.35750116766455 0.9682610211844113 24.62014933191439
3200 33.34502524615609 0.9681615227046497 24.63562104522305
3400 33.3634603469767 0.9682527912810523 24.64009180943915
3600 33.25376335694828 0.9679471369095664 24.783909094226072

my_387
2200 28.137516093126592 0.9549918048840792 31.971601435645695
2500 28.010143356527234 0.9543905573732712 32.461152232705274
2700 28.148726575514846 0.9548835901015582 31.761969345058983
3000 28.02960974137413 0.9543472436022631 32.2932966830418
3200 28.097542109973926 0.954245515685668 32.25328414676024
3400 28.06914520773658 0.9541913502037843 32.22866698521822
3600 28.04400460350322 0.9540179637982883 32.37228212071293

my_392
2200 31.891253252080414 0.965071351292299 26.595825471362488
2500 31.866711489019544 0.9650938286182077 26.621056277364648
2700 31.829836483307698 0.9650007905488345 26.492087997217226
3000 31.823100375619163 0.9650703405632691 26.48961876723218
3200 31.840355791510106 0.964994836618556 26.490013892040214
3400 31.799868308286612 0.9648671822751906 26.592353309061437
3600 31.89286215675068 0.9650313465353001 26.560120879707327

my_393
2200 29.983733559674757 0.9567954932304626 30.261671165611972
2500 29.965784501264437 0.9567765105854381 30.349011953800595
2700 29.952189909583105 0.9566142055440076 30.230263233144967
3000 29.948746620015026 0.9566115623808161 30.107967251722503
3200 29.95447373517694 0.956520429906998 30.235830378185778
3400 29.957450366912678 0.956392469253132 30.414398567860616
3600 29.910938869823106 0.9561772258842692 30.722273334382685

my_394
2200 30.984103299717212 0.9590286977469602 26.93671324006456
2500 31.016198056266905 0.9591849817630441 26.83419911290474
2700 31.05320850413113 0.9593757924867823 26.56844248596758
3000 31.026586736587277 0.9591644254916492 26.768153037796203
3200 30.952403323535613 0.9588537195468331 26.98879989292373
3400 30.97813977532208 0.9589537748678483 26.7801074918738
3600 30.943157303142037 0.9588222094079389 27.055714147434355
