
my_377
31.842178757815436 0.974253418930074 18.0068051786147
31.836702520197086 0.9743088781833648 17.84077904281769
31.890811496877415 0.9743214464761356 17.665602505844543
31.868518543753392 0.9743627544074135 17.46726380461916
31.899962068241546 0.9744120571702559 17.463913473753845
31.83072780670329 0.9741979993600896 17.482719436427328
31.827420066384708 0.9736732198274072 17.88562884365014
my_386
33.453438238664106 0.9679585706422673 27.99513659634214
33.449095297624716 0.9679967851881037 27.537348090028537
33.5390266938643 0.9682864435216322 27.527623478681804
33.46921328682313 0.9680979675787655 27.468841239052978
33.48837931525898 0.9680719997156112 27.256958592523706
33.512512982210374 0.9681326911092442 27.323764758831995
33.42411613974342 0.9678913687958436 27.44251360150582
my_387
28.13462989725531 0.955653943639388 36.4396499250741
628.008695714613967 0.9551626239868408 36.617688177263034
28.149821342631455 0.9557517923135808 35.79371182975125
28.156430300544287 0.9554979708742968 35.89669755973758
28.182896491678 0.9555190140232045 36.02064750530821
28.023332386730825 0.9549669024141076 36.323424249409356
28.129788975027154 0.9551394745946568 36.20601824937976
my_392
32.039816851284414 0.9658807640407174 29.28564831475045
31.936171608175183 0.9655451612039045 29.231273982534432
31.976266692666446 0.9655816988511519 29.211389772434604
31.981899506268014 0.9655438296616395 29.11465738546402
32.07289226552382 0.9656918837743647 29.169588289995563
31.93955835046615 0.9654409123614509 29.20210016841557
32.09667834623612 0.9655246492375664 29.321147791324133
my_393
30.157919888827887 0.9573601065153744 33.614208906849115
30.156649400843655 0.957687299041187 33.218661432757095
30.08839591429195 0.9572481411026122 33.400505970426416
30.079879852539715 0.9572531019940095 33.38396011348714
30.06243281950925 0.9570477445495319 33.520069321926265
30.033649342582823 0.9569860269679105 33.71481140228835
30.024787372446312 0.9568197510459205 33.86108052822198
my_394
31.282323781181784 0.9597113248817423 29.5465559932717
31.346130335394708 0.9598785009294907 29.219629312740928
31.39154812103924 0.9599471543243224 29.205058457299984
31.39435667150161 0.9598360426604429 29.11479861530311
31.30843552676114 0.9595284812590654 29.3339832167933
31.288067491296776 0.9594350563969841 29.149777589634777
31.381667407438716 0.9595493578655834 29.301448874573975