
my_377
31.79315360472164 0.9744011966939915 17.82461298121647
31.807067621200478 0.9744876583311008 17.694380627397226
31.840107785189215 0.9744717442096873 17.62858959771493
31.815486362273678 0.9745285405832178 17.520316642395315
31.84067081002628 0.9745817543032335 17.51880185867854
31.76081481464406 0.974324943706951 17.670296321817258
31.790752477186885 0.9740522486322066 17.896116534397404
my_386
33.43472744946811 0.9683057050653957 27.3994706063108
33.38080383749569 0.9683092352859476 27.248495778835867
33.504271899952606 0.9686253998368819 27.08810629611984
33.440659436312586 0.968439018981342 27.00781404105498
33.468891444690726 0.968510325420349 26.867667773369956
33.48362873199789 0.9685338386558593 26.969795573482855
33.401238038578136 0.9683401202135544 27.07919602426775
my_387
28.1072710720613 0.9556507766246795 36.15454114216534
27.999969875111297 0.9552241874569877 36.4493979838363
28.16868726454954 0.9558284603019449 35.62451242145529
28.11748199666885 0.9554777682465028 35.893015135179226
28.161982220124433 0.9555988131678678 35.7776916770135
28.04698032236354 0.9551614526121374 36.09332846188768
28.11183072156447 0.9552292681951573 35.995945513726554
my_392
32.07690092076592 0.9659943032392205 29.253548922584976
31.96773436235234 0.9657313667516657 29.318398537044537
31.962132377420517 0.9656593492005597 29.290102890388848
31.968995961275965 0.9656433340381173 29.257529270760514
32.04768611785562 0.9659091497168821 29.213972546578567
31.93444937945687 0.9656529060022078 29.267807720219068
32.056626824771655 0.9656984409227728 29.452096501534633
my_393
30.11528407316157 0.9573379536682272 33.62091590854573
30.120954146359693 0.957646008640687 33.268640136575314
30.034423879123626 0.95711418651642 33.55283793659611
30.140160310714638 0.9575317666173618 33.337996027527005
30.01582300216756 0.9568901154446728 33.649231546264595
30.024454917499725 0.9570662009524789 33.63493545090451
29.987902692295012 0.9568052894291392 33.90445610518283
my_394
31.260848177945547 0.9599559731024472 29.16132366374374
31.281262117273666 0.9600234814187422 29.012281504922846
31.31733117639062 0.9601176146836203 29.00223823931606
31.34974717838879 0.9601393665540664 28.985041280819928
31.27324348592503 0.9598966953269937 29.30412831203265
31.294946900026044 0.9599947108623178 29.023514271160977
31.33966668276863 0.9601061299522929 29.16630444659747