
my_377
2200 31.801822912246784 0.9742924759094728 18.058591567099413
2500 31.882028350218093 0.974572442591509 17.827682099977437
2700 31.87626623469878 0.974488119390559 17.7838665478051
3000 31.870852240904128 0.9745877702287173 17.662470149284694
3200 31.92630009982675 0.9747016710393569 17.630317285756536
3400 31.847485603495713 0.9744672026226227 17.719968600587094
3600 31.837365124952345 0.9741617157497507 17.963983168337435

my_386
2200 33.46032515949106 0.968308676850987 27.868882842600982
2500 33.453235712918364 0.968365367083626 27.611983215366614
2700 33.53412621544007 0.9685622705495294 27.467921186975616
3000 33.50389903369434 0.9684812707059524 27.386352656419103
3200 33.55036963498529 0.9685851619205372 27.145495182550686
3400 33.53165011992429 0.9685712823255814 27.264631552532073
3600 33.46183721776952 0.9684023659497021 27.350820279754895

my_387
2200 28.125039656532 0.9556687201726882 36.47546040362375
2500 27.993235496276203 0.9551550471846432 36.676794952927104
2700 28.246468635803875 0.9560385285851789 35.649537990357786
3000 28.10868732431993 0.9553884839947848 36.155230913530374
3200 28.192543876362354 0.9556605825449693 35.97468573022335
3400 28.067127911164796 0.9551517888505191 36.3520190249232
3600 28.14822684507319 0.9552347801904627 36.3209108587972

my_392
2200 32.119856120430846 0.9661887367778921 29.27245056246691
2500 32.043009819193955 0.9658585413892001 29.477898738680675
2700 32.01896647591004 0.9658274052933575 29.423994425544763
3000 32.014406367419234 0.9657583542686095 29.296605235194775
3200 32.06972021215102 0.9658694907943195 29.329919843949416
3400 31.98480048154127 0.9657012420223358 29.39692128668813
3600 32.0850022871864 0.9656295401846023 29.63185126091388

my_393
2200 30.14421350815717 0.9573367026081696 33.88745084225653
2500 30.177110024314512 0.9577766795528125 33.40391334106418
2700 30.088484973193488 0.9572813836011019 33.58558449336392
3000 30.121738464437065 0.9573956023563037 33.6235510484181
3200 30.082551690983898 0.9571243553238118 33.686152305752834
3400 30.032483870970374 0.9569966067923581 33.89953820403406
3600 30.03426082631483 0.9569025849276047 34.09915996147668

my_394
2200 31.258310746381625 0.9597295130637877 29.666990081575463
2500 31.340882342129465 0.9600474007308164 29.245647512137253
2700 31.363940142055245 0.9600986627971424 29.18863504686776
3000 31.391469680051753 0.9601102141454257 29.145846155815743
3200 31.338679736948265 0.9599291747585337 29.32710857952342
3400 31.315539242749544 0.9599134053457229 29.22557327238952
3600 31.38657921775777 0.9600089439415038 29.333765588621084
