
my_377
2200 31.779896899340624 0.9743828365509523 17.755752611148328
2500 31.83243206860547 0.9745442669659374 17.603075968470165
2700 31.834362468617485 0.9745285525360209 17.57125651344338
3000 31.83926541027538 0.9746206442621302 17.454374230461802
3200 31.859351999619427 0.9747470430830583 17.436409568324446
3400 31.781544277374756 0.9744884084890233 17.54713372232761
3600 31.794468645106022 0.9742091207262028 17.7695650064491

my_386
2200 33.35208956060562 0.968180322710843 27.505719526247542
2500 33.44495335747214 0.9685601039047547 27.072872856960576
2700 33.506381121548735 0.9686114689245581 27.205657918643663
3000 33.46537100950027 0.9684829662509142 27.113053554240715
3200 33.46880444103384 0.968549246934646 26.960199509553092
3400 33.48487275679481 0.9685010666196996 27.055536583564017
3600 33.41299333929378 0.9683693701570684 27.132277638417353

my_387
2200 28.103547626638157 0.9556452749884702 36.413181782326596
2500 27.874173245965476 0.9548324021426113 36.93747207681763
2700 28.13432329861238 0.9557486874534484 35.86474124760551
3000 27.980239276579994 0.9550646718810586 36.48698057501233
3200 28.144535003498913 0.9555064776045753 36.02944378726144
3400 28.02431549235461 0.9550665814608813 36.405485855505106
3600 28.116290388260293 0.9552894064130629 36.20957706203276

my_392
2200 31.994917838968693 0.9657150059141577 29.40500135169947
2500 31.991857350191328 0.9657272298068286 29.2534897213473
2700 31.958779482917986 0.9656810271229973 29.16384248790097
3000 31.982609616243902 0.9656585824680838 29.083842844926416
3200 32.089021239051206 0.9659586273093912 29.143470892294204
3400 31.96245834534181 0.9657056062298024 29.112992813203103
3600 32.08500395994135 0.9657023246275549 29.31058098547121

my_393
2200 30.135151251114625 0.9574101205496864 33.37205989774376
2500 30.156332974765387 0.9578132393525883 33.039225225541045
2700 30.097280390122357 0.9573633439719358 33.27988035837437
3000 30.099067942981414 0.9574111752650316 33.235735329674846
3200 30.064156394591304 0.9571191848599336 33.4819427586813
3400 30.053979236174392 0.9571161635100522 33.610050596376475
3600 30.03788981208189 0.9569788047655381 33.86924339627677

my_394
2200 31.272088356834043 0.9599502475503932 29.21210143237031
2500 31.310568314822596 0.9600797011890513 29.05964535875196
2700 31.31796208549948 0.9601605078753302 29.12132927331137
3000 31.385366842708486 0.9601472066366735 29.101312247647797
3200 31.310583757206714 0.9599144712170177 29.345685646017603
3400 31.286886419204464 0.9599195924353472 29.210606423072157
3600 31.344596607799833 0.959961793161331 29.31434071478359
