
my_377
2200 31.72640276210193 0.9741347231329444 19.35672500036298
2500 31.81105469892369 0.9743582172827286 19.148551582553008
2700 31.81708576589982 0.9742964772298374 18.99514686724639
3000 31.828040168884602 0.9744700540833294 18.84031826431021
3200 31.88281181151854 0.9746108907748033 18.854215327789756
3400 31.804510346070966 0.9744235858878987 18.865738474928282
3600 31.79366719149013 0.9740388935262506 19.160195612373517

my_386
2200 33.453693134899446 0.968121476351896 28.542428103121203
2500 33.455951420381105 0.9682095704231669 28.208655165757403
2700 33.4850621248949 0.9682947424325076 28.228646258818593
3000 33.45060427048627 0.9681793083162868 28.07470016121705
3200 33.49542318435913 0.9683714424543839 27.921671351607152
3400 33.4922407578657 0.9682720584027907 27.96914895129873
3600 33.42540418145491 0.9681401303745208 27.967867416573718

my_387
2200 28.08847260602655 0.9556163104778942 37.449078788771665
2500 28.03492415525059 0.9553391721478119 37.42596780990853
2700 28.224880606095418 0.9560059474751273 36.55952475168169
3000 28.19606429115336 0.9557329282403629 36.66470918983699
3200 28.18686139519839 0.955671403019186 36.83186264678756
3400 28.010145722863506 0.9550107867322503 37.28369473514551
3600 28.10467969925008 0.9551173343377954 37.30839146251347

my_392
2200 32.10983401823809 0.9660820949842585 29.83585803864155
2500 32.02533169608702 0.9658283857419528 29.891845974373943
2700 31.982598656639055 0.9657107161328117 29.88150197873141
3000 31.98373379426844 0.9656658928024577 29.801148433178504
3200 32.100610411740874 0.9659908523852812 29.803244905038312
3400 31.99116350367745 0.965807828833075 29.776565182734934
3600 32.12051179447276 0.9658002483653512 29.85254643275776

my_393
2200 30.15561402162766 0.9574245592170858 33.689663516367496
2500 30.187591037648247 0.9578126437842527 33.43688358956161
2700 30.099520989280332 0.957210818713999 33.659936919967755
3000 30.181770411404695 0.9574716100718248 33.58682876024495
3200 30.052901237406193 0.9569844036178792 33.925314936886494
3400 30.070777928765445 0.9571031281017364 34.02401668761663
3600 30.04252366458668 0.9568360304449969 34.318326633762226

my_394
2200 31.25477673535678 0.9598720351004982 29.52992640694673
2500 31.326696115381576 0.9600617187545898 29.370803239053103
2700 31.33991120078347 0.9601681865154102 29.266174006111477
3000 31.37816174145051 0.9601671337125135 29.297102695918653
3200 31.27630742220955 0.959840506474602 29.606209816361336
3400 31.292740352651013 0.9599246639300157 29.3440383505375
3600 31.331296227195043 0.9599472547278685 29.575016857548192
