
my_377
2200 31.806051743859275 0.9744276460160546 17.69749273889683
2500 31.83533239109631 0.9745649002133843 17.551190092821013
2700 31.856041964362646 0.9745514974555867 17.454303380221447
3000 31.851090002824915 0.9746711937820209 17.302883141499787
3200 31.893054528669875 0.9747753031751051 17.334988313343594
3400 31.789019385761115 0.974482473523859 17.479724425045564
3600 31.792356705283098 0.9741413494482397 17.748626646272

my_386
2200 33.42104879675064 0.9683146752456929 27.517651230156577
2500 33.437456518571004 0.9684457154197488 27.27606261079324
2700 33.5075733164415 0.9686377550510161 27.18631190093443
3000 33.46002613414417 0.9684792294859248 27.22356854664052
3200 33.50715609157786 0.9685791778691949 27.039065404252252
3400 33.47226164302724 0.9685013989076257 27.131549931843487
3600 33.382546628860226 0.9683230624479405 27.282369624385062

my_387
2200 28.128402444768078 0.9556705452860358 36.220662998045505
2500 28.016146685350385 0.9551921485260846 36.579924555903766
2700 28.17620544637588 0.9558118715643245 35.705304614960504
3000 28.2261876855942 0.9557246591318099 35.807600195076375
3200 28.187150205520382 0.9555100970727236 35.946098983008916
3400 28.02153243100579 0.9549181670109855 36.519472268136106
3600 28.060967445373535 0.9549191541531507 36.54755453733518

my_392
2200 32.017360743354345 0.9657993641766635 29.42223605864188
2500 32.01639558414724 0.965752583136533 29.337686586148916
2700 31.99905494445148 0.965792947433849 29.228747030471098
3000 31.956165318820563 0.9655734751632506 29.34500869403389
3200 32.109528128476065 0.965941649866614 29.26455660758012
3400 31.92861421350489 0.965592968750765 29.445509784879846
3600 32.061848400748346 0.9655709644371175 29.603555962881618

my_393
2200 30.147730215348023 0.9574132230192581 33.57429350701405
2500 30.148804532015387 0.9577795887057156 33.28636910188644
2700 30.09398869397168 0.9574273276456536 33.43410523020647
3000 30.110148526767993 0.9574692081958852 33.44288718871732
3200 30.060508559731876 0.957187045544864 33.53686402128501
3400 30.040507877574246 0.9571270781723573 33.77708734416547
3600 30.046667812979795 0.9570462380182296 33.907218552368846

my_394
2200 31.257549469483724 0.9598787842906095 29.326836095455494
2500 31.294960552358372 0.9600111756095274 29.110833317698802
2700 31.32148948200246 0.960037197818093 29.073564584720582
3000 31.373548528089877 0.9601915826134503 29.072382258261268
3200 31.3063482651736 0.9599910711540894 29.29201843914262
3400 31.297822687077648 0.9599760224156201 29.05821454098677
3600 31.361160385417428 0.9600521568308539 29.253161158711514
