
my_377
2200 31.795396340722068 0.9743511396295883 18.093775310379296
2500 31.820319027824198 0.9744492679993736 17.975795237138307
2700 31.863193925051764 0.974555501644624 17.772462966050057
3000 31.865170509419976 0.9746532451341496 17.646672911344364
3200 31.839946456133998 0.9746172619375952 17.71340251745865
3400 31.797038787189013 0.9744351657635387 17.77013749840425
3600 31.792986574019977 0.9740761998184224 18.060641868767092

my_386
2200 33.408804954692 0.9682530837263015 27.83885368589252
2500 33.44066524505615 0.968378317228613 27.517414970552537
2700 33.495056147243886 0.9685527757208614 27.465127037469554
3000 33.47281423864517 0.9684032926903688 27.446176109706013
3200 33.480715251861405 0.9684760763364679 27.286781660495276
3400 33.485789921194474 0.9684470267219338 27.425436965404028
3600 33.4203240552688 0.9684506092160781 27.338333781509792

my_387
2200 28.100884733353066 0.9556340323412481 36.43133354816526
2500 27.956565234750347 0.9550540271927328 36.763202249605385
2700 28.179822778956773 0.9558950095253194 35.81094666618236
3000 28.15664593293705 0.9555501493221935 36.17835454244345
3200 28.109976503300793 0.9554244059929873 36.43723518493022
3400 28.088802169351016 0.9552612532587612 36.38151228268516
3600 28.034494802913564 0.9549971511338483 36.681471138515256

my_392
2200 32.104952822394544 0.9661011700642937 29.22210580903419
2500 32.0175823986849 0.9659050497460492 29.387100275984423
2700 31.97917454765442 0.9657264943110113 29.396512784701297
3000 32.00695799761277 0.9658505856034589 29.25562879996982
3200 32.133222202566216 0.9661115259728966 29.244025835498448
3400 31.953714054536054 0.9657522800134465 29.276466275998615
3600 32.100177647595736 0.9657778945517412 29.455093273464687

my_393
2200 30.14586409400491 0.957364708663308 33.66727956177238
2500 30.157895618581517 0.9577765879146555 33.26970976304243
2700 30.074552255518295 0.9572250079662404 33.516388381507625
3000 30.092865408423112 0.9572941815470629 33.54586019394869
3200 30.029671995397557 0.9569507741673107 33.67282389439045
3400 30.03865955985166 0.9569875532611806 33.77886620514533
3600 29.997879232314816 0.956761281598698 34.0502355695966

my_394
2200 31.23216196049981 0.9597394538116965 29.432330146073337
2500 31.3437129647974 0.9601355759217777 29.06167956397814
2700 31.342588016693604 0.9601460692079309 29.079489305336523
3000 31.362480989751965 0.9601101290414678 29.10114171351978
3200 31.31536162473301 0.9599317103464973 29.275431108466762
3400 31.32261714833305 0.9599786169707456 29.139785175734662
3600 31.35356652162929 0.9599774083032965 29.281701242680697
