
my_377
2200 31.802135141138084 0.9744290586780099 17.77847900857183
2500 31.842386674116 0.9746023218899487 17.62002946579839
2700 31.883416736827176 0.974611602046273 17.526713429008893
3000 31.85223481489375 0.9746390879154204 17.440522316205787
3200 31.887959888274654 0.9747488385534541 17.450253638553427
3400 31.807986621550697 0.9745442315856403 17.4947822501355
3600 31.80784665072028 0.9741459684894683 17.77739114660949

my_386
2200 33.465297642876116 0.9684046309262035 27.60104863919357
2500 33.45547170690037 0.9685525430396278 27.25419261677061
2700 33.5330835536202 0.968665095574078 27.247419289467647
3000 33.46395027446237 0.9684732918114585 27.201698410678357
3200 33.507240254611254 0.9686163169814941 27.12184691771785
3400 33.49363991028485 0.9685065706464695 27.161451026717607
3600 33.420911743041664 0.9684165668360052 27.240661919156818

my_387
2200 28.12834700416116 0.955725058514804 36.37369661367832
2500 28.059966525929497 0.9553081276901265 36.43652379393259
2700 28.176488590750463 0.9558694208050793 35.72444012637604
3000 28.04064253944764 0.9551914753442141 36.407337608662516
3200 28.156154775364513 0.9554860560014286 36.06265234975094
3400 28.077092140116154 0.9551908678230754 36.37471034086961
3600 28.156116878285125 0.9553395581436667 36.14316093810101

my_392
2200 32.07538081490419 0.966001958770548 29.267245046993626
2500 31.961306699457015 0.9657184607523648 29.34091225425827
2700 31.974162009948074 0.9657579386298031 29.2539269150419
3000 31.960387943900205 0.965582043091881 29.324440001684394
3200 32.07639343343316 0.9659349145417544 29.266764076157685
3400 31.961523601715577 0.9657445671086642 29.333727997055345
3600 32.09182053836272 0.9656642205256192 29.538803464947218

my_393
2200 30.159099094370468 0.9575424431798292 33.46442087568383
2500 30.15002675999932 0.9578272262040306 33.1109706312418
2700 30.068061726616026 0.9573175494364876 33.26473373142793
3000 30.12063334459927 0.9574905879357282 33.23741109274766
3200 30.03655149082449 0.9570228355453613 33.423849256998075
3400 30.01769168874159 0.957018853668223 33.517281191154595
3600 30.005850032051615 0.9568347677508777 33.75376316713777

my_394
2200 31.255951504018853 0.9598031512556229 29.456061729414255
2500 31.3222805369984 0.9600827282762782 29.09433215428243
2700 31.319297617132012 0.9600514761585602 29.132390195593477
3000 31.37315100909554 0.9601176561200044 29.126357000799263
3200 31.24860664102483 0.959787704409125 29.439159454827635
3400 31.306952904889926 0.9599376078595452 29.058699745107145
3600 31.34483780070422 0.9599682003419029 29.24243171505112
