
my_377

my_377
2200 31.82170374763203 0.9744723367499795 17.81299706040458
2500 31.812642836953227 0.9745072089733287 17.689974649864084
2700 31.849981986265128 0.9745279980853279 17.493314792048483
3000 31.83522160677986 0.9745886466082404 17.414412593200083
3200 31.875402853450673 0.9746936384369345 17.434938063715546
3400 31.79821552949793 0.9744756798693203 17.468311154049506
3600 31.81256742018429 0.9742128171704032 17.785795563383694

my_386
2200 33.36049347637809 0.9680362554157481 27.736931889850823
2500 33.475845704104174 0.9685271213398897 27.135021289820497
2700 33.52881081219025 0.9685734912035936 27.12114706366537
3000 33.48570775220738 0.9684356956239689 27.122003788297825
3200 33.50095346522203 0.9684780949258549 26.831693252558534
3400 33.45934338493143 0.9683090059514988 27.194182415876316
3600 33.38142962124258 0.9682207019890056 27.146182578296106

my_387
2200 28.11895706054361 0.9557224355916926 36.23606107710676
2500 28.08840847525367 0.955506199980802 36.26872518941521
2700 28.18891779751701 0.9559112407944419 35.69853477140161
3000 28.012489145452324 0.9550675222261704 36.26875517102964
3200 28.158619855176955 0.955574440127388 35.969425630282586
3400 28.02328281096596 0.9550456906703704 36.27386080589205
3600 28.1375023132977 0.9553275116305937 36.121194738954465

my_392
2200 32.070790285732656 0.9659880900128002 29.340947007033275
2500 31.997124886130266 0.9658299361001998 29.328534083271567
2700 31.982641781077664 0.9658025149355597 29.28003412297862
3000 31.993823745033957 0.9657623560670863 29.282250680666873
3200 32.09020775269697 0.9660002998808488 29.220962642946027
3400 31.983661937203635 0.9657941568981517 29.25191855526225
3600 32.10775253479493 0.9658075682619676 29.476026028275168

my_393
2200 30.134515670531574 0.9573824134739962 33.62333250137414
2500 30.142350191738515 0.9576719704477544 33.23244797016051
2700 30.087401548171425 0.9573215461351017 33.3720617305069
3000 30.146763051894894 0.95757331774834 33.16421561281789
3200 30.044309320296833 0.9570549135220879 33.50112583229249
3400 30.022620343906993 0.9569553254759885 33.72591519778106
3600 30.005188906256524 0.9568978766387796 33.809589192191545

my_394
2200 31.25936700443533 0.959906886286914 29.309237475462137
2500 31.326846597028926 0.9601338580649166 29.05340674258569
2700 31.295777244363876 0.9600134584355481 29.24384909836366
3000 31.36249674832757 0.9601198979877532 29.127324072215803
3200 31.287004588122034 0.9598900404843417 29.32547432255936
3400 31.2965035311041 0.9599174563897485 29.13302765103346
3600 31.35309985359722 0.9600151241781877 29.219643949944384
