
my_377
2200 31.779886470121493 0.9743387616254429 17.861034123495937
2500 31.825839889240772 0.974561963967461 17.631447368505643
2700 31.850102434821306 0.97454696893692 17.5366848333674
3000 31.83662218716055 0.9745941219482829 17.407967756318058
3200 31.853247040733294 0.9746202236828319 17.427548203358356
3400 31.762148005439634 0.9743533341642369 17.504751009936317
3600 31.779248227410136 0.9740613029602376 17.769227825344245

my_386
2200 33.41237016667657 0.9681958726701889 27.58489873379788
2500 33.43217570258972 0.968300592134343 27.233390351707605
2700 33.529033477293616 0.9686203154331859 27.078008401222565
3000 33.47679933762168 0.96841241682277 27.095069849793923
3200 33.504848031436694 0.9685521210259932 26.90188221155322
3400 33.50529322904699 0.9684803010945651 27.096469769563107
3600 33.44456857793471 0.9684121119466057 27.088506127344097

my_387
2200 28.101199053188058 0.9556356324231561 36.298692211468904
2500 27.953453431154955 0.9550296090503427 36.63013870504132
2700 28.186122333302215 0.9559199607627277 35.45384348076295
3000 28.06484478935201 0.9552827173057087 35.95276493678755
3200 28.12230243274872 0.955443549602427 35.89538723369811
3400 28.01132782002821 0.9549697551497801 36.199188213496605
3600 28.059849703375665 0.9549379106511406 36.39826402167744

my_392
2200 32.04404889581038 0.9659272905658273 29.342954799054777
2500 31.99166846147833 0.965806306364702 29.309467606764425
2700 31.98831239486123 0.9658343419034213 29.22345148548882
3000 31.99535259206027 0.9657130445388549 29.174930002679798
3200 32.032492015451034 0.9658577292360724 29.263515687761778
3400 31.97078305004752 0.9657545677799592 29.351576928666887
3600 32.07596412189504 0.9656856566826927 29.439521480331763

my_393
2200 30.124704911747077 0.9572845408941972 33.54157114471184
2500 30.13248809773654 0.9576707021756605 33.164208162237294
2700 30.067619486926073 0.9571938052534419 33.47974196873246
3000 30.02385341419893 0.9571077952729189 33.4464245660101
3200 30.046194734420368 0.9571346890798864 33.4514847752404
3400 30.01687848504214 0.9570068666004241 33.639819236761106
3600 30.022439451778634 0.956954663768809 33.838903342179435

my_394
2200 31.23970857916031 0.9598366728122221 29.234802596928443
2500 31.308909023509305 0.9600919226911616 28.949972989167122
2700 31.318389280594605 0.9600727327048459 29.044585038514377
3000 31.332342637413962 0.9600938223900004 28.989651813146903
3200 31.278260287116552 0.9598910309732916 29.243307407287986
3400 31.29629852682511 0.9599803606456613 28.951457143825962
3600 31.348501434938154 0.9600223020755033 29.153700644040807
