
my_377
2200 31.823824846808282 0.974345137569356 18.110594321241514
2500 31.866532692934737 0.9745146125395667 17.85604490146519
2700 31.89843150766138 0.9745851222844046 17.710677041786717
3000 31.868662232383684 0.974528711269246 17.67725086357584
3200 31.87740911391967 0.9745841995280056 17.67244391681198
3400 31.834996549840916 0.9743857528755371 17.769386237337788
3600 31.835464156247713 0.9741195322358034 17.983863354326886

my_386
2200 33.53522872924805 0.9684769939930044 27.86410346447943
2500 33.44371788004503 0.9683302954875211 27.579958007775524
2700 33.535217239257484 0.9685964373981251 27.506027594806355
3000 33.51723537853057 0.9685739820653742 27.35312408543525
3200 33.538342639086714 0.9686140518456219 27.19227237537264
3400 33.5168953145889 0.9684913356036425 27.30423507883268
3600 33.44576270057556 0.9683802655355177 27.32437808704089

my_387
2200 28.141841276444215 0.9557129240291004 36.604807502963645
2500 28.004116287843427 0.9551044090546388 36.82712068592004
2700 28.219346036248027 0.9559533787283667 35.854440132644086
3000 28.17019639550683 0.9555537853648955 36.127774149458354
3200 28.119385948793134 0.955296147475268 36.28736894259
3400 28.09694759348497 0.9552213997445641 36.41653374674167
3600 28.07790919421191 0.9549678127395915 36.56011078267652

my_392
2200 32.0769973897679 0.9658808548820209 29.684556463862805
2500 32.030114153489706 0.9657715409197272 29.658251641228553
2700 32.031471272840854 0.9657951878672615 29.456427579815372
3000 32.03700602118344 0.9658081458214132 29.502254412733613
3200 32.11840953418915 0.9659471360438647 29.481044088933558
3400 31.987902982987183 0.965758243187226 29.420026742360168
3600 32.17415582177473 0.9658449791013237 29.614316429046383

my_393
2200 30.156008179812506 0.957344550818683 33.87012858103144
2500 30.180103786488903 0.9578044817728154 33.49907034858662
2700 30.075999361945982 0.9572407869412937 33.7351744366999
3000 30.100599457235894 0.9572766566659039 33.750077759358966
3200 30.04550664565142 0.9569990837319011 33.87549332278297
3400 30.046617655830584 0.9570032799626416 34.067667273675056
3600 30.046822241920836 0.95696864807032 34.177406108315616

my_394
2200 31.29408031096433 0.9598571618291782 29.55080962485888
2500 31.3389737440303 0.960006686296055 29.278667768174632
2700 31.380134801813625 0.960139140885144 29.385608518844776
3000 31.385217972617735 0.9600632638536034 29.301064801128472
3200 31.296070782258546 0.9598032181913202 29.49282590220159
3400 31.312884611241955 0.9597988874517022 29.32956734084509
3600 31.38005307141472 0.9599376886604941 29.500056802728437

my_377
2200 31.834059873366737 0.9743813378288146 18.17242411478238
2500 31.884816638926132 0.9746265851240107 17.873258397162438
2700 31.88174500694887 0.9745358295619169 17.7749197028657
3000 31.871169049472094 0.9746212619829943 17.643213207350374
3200 31.88243839447511 0.9746872835299547 17.661965942697567
3400 31.823037494312633 0.9744624465225852 17.778137292872294
3600 31.833183686363505 0.9741495124159012 17.9970158428392

my_386
2200 33.51554632951869 0.968437274350202 27.79634704783479
2500 33.49480086341899 0.968507034255859 27.469873866614172
2700 33.57151485891903 0.9686746785347474 27.443754078352192
3000 33.530721113643544 0.968606176701459 27.379656867945894
3200 33.5265577693674 0.9685563359031065 27.286795060085577
3400 33.52410446003796 0.9685385753126705 27.376346183034347
3600 33.46005960454278 0.9684616155165402 27.37855575580329

my_387
2200 28.153717719297358 0.9557600983961381 36.49267632972429
2500 28.014467473973564 0.955263343405596 36.63643005797092
2700 28.225483919847456 0.956002640054825 35.856498231025626
3000 28.006870341173467 0.9550531155922833 36.59834957776222
3200 28.14141498402478 0.9554840479305083 36.177881809080986
3400 28.048383289479954 0.9550633561164937 36.51880429569572
3600 28.216828030060956 0.9555400260948241 36.160919541383485

my_392
2200 32.091386840942704 0.9659528094816973 29.49293571359971
2500 32.032189058110035 0.9657275252801211 29.63792346915937
2700 32.02365732957973 0.9657740664673361 29.52791369435462
3000 32.019047538226936 0.965734094540703 29.501927364119553
3200 32.11994803525547 0.9659202890918853 29.54276015155296
3400 32.00248969684947 0.9657541985180288 29.47331648718386
3600 32.10069284082096 0.9656639816289279 29.796604619904315

my_393
2200 30.14143531207732 0.9573379798050232 33.7075079258352
2500 30.162664969337175 0.957703159454672 33.411792519298146
2700 30.10352861435018 0.957285697925537 33.47116866134067
3000 30.06887543520188 0.9571776028304176 33.64552554978246
3200 30.068686255796706 0.9570577908008493 33.60896589443645
3400 30.04350435287557 0.9569824296522905 33.89274729365971
3600 30.03516007489699 0.9568381269666599 34.02095301983191

my_394
2200 31.25625461435573 0.9597482657368808 29.508500763359553
2500 31.31901009197541 0.9600024578724314 29.235812471830908
2700 31.32228343882025 0.9599307933274437 29.384541367603973
3000 31.368865120219674 0.9600028460994761 29.29055619297579
3200 31.275093593699406 0.9597739400391909 29.362251837663152
3400 31.294126561618743 0.9598086984718547 29.220973430350817
3600 31.352017290451947 0.9598932816064294 29.29162004972524
