
my_377
2200 31.795644245045708 0.9744239847927807 17.813798408696357
2500 31.843002426433053 0.9746182340989138 17.636908621671683
2700 31.847635921947457 0.9745782994650264 17.6128901361941
3000 31.83516852230949 0.9746375664032716 17.461078510405546
3200 31.885731727681694 0.9747823715847443 17.459780152110174
3400 31.788838927121084 0.974548684721962 17.582419530095102
3600 31.78387361414292 0.9740900649106439 17.9376280891465

my_386
2200 33.428543774201906 0.9682692845556187 27.476279533164384
2500 33.44609766465457 0.9685245011260802 27.030787784307396
2700 33.498390876035636 0.968557731512396 27.133802793680985
3000 33.449972560698974 0.9683999028754107 26.99608589587285
3200 33.499190131610725 0.9685307513265048 26.8795964143732
3400 33.436279791561674 0.9683372966427216 27.066824529419605
3600 33.4049634066495 0.9683275700890444 27.0667698179536

my_387
2200 28.12488734913382 0.9556521682497013 36.212670228339455
2500 27.99966318467084 0.9551883008390823 36.39264844039226
2700 28.169791497011236 0.9557593217826782 35.726613803383174
3000 28.096156625186694 0.955273218492773 36.051169321697984
3200 28.156507966352656 0.9553641860179085 36.07049163052423
3400 28.024732406126624 0.9549266853753258 36.3847112512206
3600 28.05355615666843 0.9549452651312006 36.458863064965456

my_392
2200 32.140545034153575 0.9661484120045115 29.165432250555504
2500 32.016732945161706 0.9657945220164437 29.28451796306327
2700 32.01727523905708 0.9658458967578601 29.143470648257807
3000 32.0002446455114 0.9657628064487069 29.19282423043474
3200 32.07902984313149 0.9659006348586975 29.258551631361883
3400 31.981513038676052 0.9657513671380312 29.283839845681253
3600 32.08982204498454 0.9657700841120858 29.493170690767585

my_393
2200 30.134454273285073 0.9573846942281977 33.46679680906037
2500 30.148901720097992 0.9578112623589561 33.12674872975617
2700 30.047321569473347 0.9572316964361118 33.346888913030924
3000 30.033548905887702 0.9571236862855799 33.545638768271324
3200 30.057106415855692 0.9571231941488337 33.50819093996987
3400 30.014445075376784 0.9569963765016851 33.750770623511805
3600 29.99256449204715 0.9568199540842025 33.900446183780296

my_394
2200 31.25429761346011 0.9599296864978769 29.247716826232356
2500 31.31041771587841 0.9600950431696234 29.085250481724103
2700 31.33987362499543 0.9601678978950582 29.017780200244587
3000 31.367360436342615 0.9601968726053595 29.040643347696186
3200 31.30962262689111 0.9599894999182798 29.263106807269512
3400 31.303478725453747 0.9600141673164571 29.115735441147482
3600 31.36401311598997 0.9601076105061699 29.216525727574197
