
my_olek_images0812
2200 35.57964078117819 0.987444677773644 9.889808373854441
2500 35.4573917388916 0.9874508170520558 9.824595386710238
2700 35.566526749554804 0.9874636916553273 9.877631933811832
3000 35.608371285831225 0.9874105032752541 9.921237004592138
3200 35.58976521211512 0.987472232650308 9.87623886698309
3400 35.66316155826344 0.9875080620541292 9.959827944198075
3600 35.62047374949736 0.9874539866166956 9.971367962220135

my_lan_images620_1300
2200 34.480102011736705 0.985988819248536 10.732101743547794
2500 34.49404420291676 0.9859927391304689 10.693528560702415
2700 34.45933298223159 0.9859167544280781 10.74624555596315
3000 34.47402365067426 0.985949030343224 10.691584565895882
3200 34.45899388930377 0.9859931248075822 10.719679889050038
3400 34.48905494914335 0.9859213229487924 10.763202696655165
3600 34.53110445807962 0.9859755389830646 10.760070923167994

my_marc_images35000_36200
2200 35.86056096694049 0.9864016553934882 13.713508389671059
2500 35.844337620454674 0.9863978452542249 13.68608976002125
2700 35.82510995303883 0.9863714863272274 13.717725473072598
3000 35.75836159201229 0.9862564427011153 13.758253725245595
3200 35.73246479034424 0.9861769981244031 13.762067770585418
3400 35.81264722487506 0.9862516035051907 13.701055267387453
3600 35.77490853702321 0.9862016470993267 13.782197519150728

my_vlad_images1011
2200 28.509331993878206 0.9801103848824526 16.624304271716486
2500 28.441826672477518 0.9799903140348546 16.641181457867436
2700 28.489132417077048 0.9800613790272391 16.61511580584282
3000 28.495819326390556 0.980023383138014 16.627697590340105
3200 28.52075120854505 0.9800560786762339 16.583312238083483
3400 28.477858599494482 0.9799548913450802 16.66517559946938
3600 28.533744138829846 0.9800057851057001 16.60736571414705
