
my_olek_images0812
2200 35.57006274952608 0.9874357511015499 9.967567426536013
2500 35.44623599332922 0.9874170282307793 9.88530833274126
2700 35.52543819651884 0.9874384262982536 9.900241706739454
3000 35.59331849042107 0.9874208289034226 9.980311178985763
3200 35.579871233771826 0.9874627730425666 9.870050447609495
3400 35.63658545998966 0.9874983359785641 9.902679142268264
3600 35.601267646340766 0.9874600662904627 9.960451546837302

my_lan_images620_1300
2200 34.426802466897406 0.9859204029335695 10.71006013217437
2500 34.45667744804831 0.9859700266052694 10.622297954636023
2700 34.40600701500388 0.9858918733456555 10.661546150496338
3000 34.41445954266717 0.9859361522337969 10.624005982433172
3200 34.40360686358284 0.9859630307730506 10.64646525774151
3400 34.43711685853846 0.9859288390944986 10.675138447378925
3600 34.47842710158404 0.9859541335526635 10.669482745887603

my_marc_images35000_36200
2200 35.91883975758272 0.9864418131463668 13.667037562631508
2500 35.91870049869313 0.9864273965358734 13.626794355428395
2700 35.9007708605598 0.9863888446022482 13.675289192949148
3000 35.84323994131649 0.986295199394226 13.7249374844353
3200 35.80193454518037 0.98619405206512 13.747651551795355
3400 35.86480665767894 0.9862407018156613 13.679058425238027
3600 35.826692480199476 0.9862112266175888 13.758232537657022

my_vlad_images1011
2200 28.53804231327485 0.9801824676161781 16.86104153965246
2500 28.449891727875897 0.980043337944357 16.92295014947892
2700 28.515153609495112 0.9801151720597782 16.881464333099157
3000 28.50237262950224 0.9800687967774702 16.907004940816584
3200 28.522574225849006 0.9800947646406245 16.854903929652696
3400 28.50536623868075 0.9800249899134916 16.900307988190153
3600 28.54557666676567 0.9800666490978097 16.889370288102224
