
my_olek_images0812
2200 35.14440581377815 0.9871345723376554 8.95389331066433
2500 35.2448517294491 0.9872847514994004 8.85169714798822
2700 35.24509519689223 0.9872802390771753 8.856294019257321
3000 35.281316196217254 0.9872951823122361 8.944055503782105
3200 35.28108226551729 0.9873055955942939 8.938512874438482
3400 35.31856334910673 0.9873388444676119 8.922325995038538
3600 35.322197409237134 0.9873263625537648 9.008206207962596

my_lan_images620_1300
2200 34.53143827774945 0.986180963936974 9.445223639554838
2500 34.57697125603171 0.9862796713324155 9.3888359664775
2700 34.549734373653635 0.9862212479114533 9.420807682909071
3000 34.589492315404556 0.9862659447333392 9.41017426084727
3200 34.59813610525692 0.9863029739435981 9.366126357139471
3400 34.598974407420435 0.9862708761411555 9.422062644187141
3600 34.59853972266702 0.98624709704343 9.444990593885237

my_marc_images35000_36200
2200 36.02422520132626 0.9862717102555667 12.39977200406001
2500 36.045358758814196 0.9863488758311552 12.301112243029124
2700 36.04300989263198 0.9863356797134175 12.271268276826422
3000 36.030931495217715 0.9862728139933418 12.395190598224016
3200 35.995044910206516 0.9862379442243014 12.362457450260134
3400 36.04957672567929 0.9862913520897136 12.329555930131498
3600 36.04528960059671 0.9862825179801268 12.399544805178747

my_vlad_images1011
2200 28.95188739593016 0.9804731693497315 15.067791005965063
2500 28.92771430194059 0.98049802608031 15.050789789560643
2700 28.92196182006183 0.980479384169859 15.086597005991056
3000 28.89330336626838 0.9804335434169055 15.09619041415738
3200 28.928479546531634 0.9804563566962665 15.069477541501668
3400 28.86941516080642 0.9803447959257319 15.149061178370193
3600 28.90612227903968 0.9803865838815821 15.118294059333794
