my_olek_images0812
2500 35.23535178689396 0.9872527227682226 8.909127757172374
2700 35.251834981581744 0.98726746264626 8.891901165685233
3000 35.25816513510311 0.9872555417173049 8.969774414949557

my_lan_images620_1300
2500 34.56297611909754 0.9862093497725094 9.362159216064303
2700 34.544636513205134 0.9861761853975408 9.403509875375997
3000 34.5775852764354 0.9862072015509886 9.390429896302521

my_marc_images35000_36200
2500 35.989636017294494 0.9862819910049438 12.33336257693522
2700 35.94412978677189 0.9862482838770923 12.362954154720201
3000 35.91692232244155 0.9861836296670577 12.463707205675105

my_vlad_images1011
2500 28.923636002974074 0.9804937928755653 15.067521030740702
2700 28.898138811244046 0.9804719441077288 15.088246132989218
3000 28.850934941500903 0.9804183018398794 15.088945634683027

my_olek_images0812
2500 35.30155899945427 0.9872836540727055 8.868778425761882
my_olek_images0812
2500 35.239918764899755 0.9872546721907223 8.803387364263044

my_olek_images0812
2500 35.219865911147174 0.9872303324587205 8.893623893313547
2700 35.22924097846536 0.987241878229029 8.85344307650538
3000 35.260096942677215 0.987250829444212 8.941909599610987
