
my_olek_images0812
2200 35.19766392427332 0.9864176161148969 10.46018102480208
2500 35.2645585677203 0.9866685937432682 10.142836582792155
2700 35.289246054256665 0.9867189736927257 10.032632388174534
3000 35.277481752283435 0.9867669063455918 9.971678448731408
3200 35.26312009026022 0.9868124828619116 9.918853832299218
3400 35.30217159495634 0.9868628347621244 9.892302291358218
3600 35.26858105378992 0.9868508156608132 9.904422030291137

my_lan_images620_1300
2200 34.05243105046889 0.9845880021067227 11.82084190659225
2500 34.18098189410041 0.9849384216701284 11.357617061859107
2700 34.22068398419548 0.9850076559711904 11.174779283978483
3000 34.290883546717026 0.985142394023783 10.98185931058491
3200 34.30625899819767 0.9851867020130157 10.908546171370235
3400 34.313598610373106 0.9852053908740773 10.854468408369405
3600 34.32570960100959 0.9852180565104764 10.804924420902834

my_marc_images35000_36200
2200 35.30935219035429 0.9842954207869137 16.004347886123202
2500 35.401724164626174 0.984608156190199 15.527917159830823
2700 35.431587353874654 0.9846470180679769 15.346048314891318
3000 35.45001980276669 0.9847052770502427 15.194249435273163

my_olek_images0812
