
my_377
2200 31.264805854960557 0.9738477583237509 21.131643335668638
2500 31.27551334809492 0.9736047105036955 20.828358565063716
2700 31.106137041102116 0.9724751642362318 21.271461548712004
3000 31.021595684602296 0.9726349379927078 20.75375502749799
3200 31.219392735690356 0.9728817778793886 20.478806025124488
3400 31.451221455864726 0.9733988213985361 20.006069577333918
3600 31.19825992482231 0.9724241476007961 20.951714448849945

my_377
2200 30.20777827788164 0.9719536702900646 28.93496046769109
2500 30.203374628077214 0.9720680195698763 28.631110735396966
2700 30.33260006828104 0.9718271498692864 28.914912558972514
3000 30.28834656598096 0.9720617519980446 28.42694832221231
3200 30.360939867356244 0.972036183199143 28.50653165901568
3400 30.41730455408759 0.972230665027139 28.194122883008124
3600 30.273992523152558 0.97143601510614 28.662482062404482

my_377
2200 31.847198210935538 0.9742207017174378 15.466524123707238
2500 31.892883509875617 0.9744499781552483 15.346790743583345
2700 31.861567124963443 0.9742931149860117 15.31369991744943
3000 31.940736403439768 0.9743925616702931 15.217248101365119
3200 31.901942431607985 0.9742455420328333 15.315968469831155
3400 31.8285552295134 0.9739626781506971 15.392181101220256
3600 31.74502008101519 0.9735181361914955 15.746071954621351

my_377
2200 31.82050212309322 0.9741396056139532 15.51823330206428
2500 31.869460524084733 0.9743039113952514 15.473646698220767
2700 31.798262244239847 0.9740681382105312 15.544451910125858
3000 31.830721334977582 0.9740701983956729 15.473962309496367
3200 31.860032407995213 0.9740576744079589 15.440338252630223
3400 31.794885257986138 0.9737259061897502 15.532411306219942
3600 31.68873878213811 0.9732099677470916 15.908306845548475

my_377
2200 31.81276577424238 0.9742420181871098 15.517265787397953
2500 31.865265494361918 0.9743534130527374 15.445229628516788
2700 31.808036161616524 0.9741603674735615 15.506777100583767
3000 31.848142945192713 0.9741882750376023 15.413379588009997
3200 31.87099838766822 0.9741883807003816 15.387972908961101
3400 31.765657909413708 0.9738073294812982 15.453890939666465
3600 31.640677691780944 0.9732145624046019 16.00008666201589

my_377
2200 31.85606116024568 0.9743486754397019 15.409172901056985
2500 31.88143170708641 0.9744694224972138 15.327629283379345
2700 31.830609484789843 0.9742924006864986 15.305701394211798
3000 31.887334150426526 0.9743495126140308 15.262204500034768
3200 31.93975267563274 0.9743799313823169 15.244219788315302
3400 31.821764792988006 0.9740352241750706 15.423306138229801

my_377

my_377

my_377

my_377
2200 31.800820340447245 0.974157213527251 15.497910663146865
2500 31.898668304484158 0.9744371862653742 15.402092297068412
2700 31.82790929620916 0.9742194723317967 15.364281656369965
3000 31.880811038501758 0.9742419949189863 15.299473988778768
3200 31.886359082186285 0.9741733418428961 15.309014017718598
3400 31.804973490097943 0.973869188265367 15.470560125877114
3600 31.73217952442679 0.9734444183143064 15.781046109234188

my_377

my_377

my_377

my_377

my_377

my_377

my_377

my_377

my_377

my_377

my_377

my_377

my_377

my_377

my_377

my_377

my_377

my_377

my_377

my_377

my_377

my_377

my_377

my_377

my_377

my_377

my_377

my_377

my_377

my_377

my_377

my_377

my_377

my_377

my_377

my_377

my_377

my_377

my_377

my_377

my_377

my_377

my_377

my_377

my_377

my_377

my_377

my_377

my_377

my_377

my_377

my_377

my_377

my_377

my_377

my_377

my_377

my_377

my_377

my_377

my_377

my_377

my_377

my_377

my_377

my_377

my_377

my_377

my_377

my_377

my_377

my_377

my_377

my_377

my_377

my_377

my_377

my_377

my_377

my_377

my_377

my_377

my_377

my_377

my_377

my_377

my_377

my_377

my_377

my_377

my_377

my_377

my_377

my_377

my_377

my_377

my_377

my_377

my_377

my_377
2200 31.830185956495967 0.9741585394915412 15.509315816197484
2500 31.868067425202558 0.9743838643326478 15.41290477909307
2700 31.859618273648348 0.9742517165321717 15.364747223030914
3000 31.854067858527685 0.9741591151385384 15.39250184597577
3200 31.905619815071635 0.97424136540469 15.361613912736987
3400 31.78557162361349 0.9738503598911876 15.48512952955051
3600 31.713918094329017 0.973409394529414 15.788621803307358

my_377
2200 31.829066245951115 0.9742017633774701 15.574184674670033
2500 31.866613454359737 0.9742985033096476 15.511353442913547
2700 31.826168815082404 0.9741492172613501 15.50369526453834
3000 31.803091207290077 0.9740529439666054 15.496220362477283
3200 31.858225909146395 0.9740724047237539 15.489322185655807
3400 31.76996349395915 0.9737199795118627 15.548334851671745
3600 31.657241484698126 0.9731461976301223 15.904378305303858

my_377
2200 31.828307620981796 0.9742347102432964 15.490779152667935
2500 31.866825175157842 0.9743733496908198 15.435075556690043
2700 31.84378759618749 0.9742470976503137 15.469964812783633
3000 31.829184205774315 0.9741678688934142 15.41235477210366
3200 31.880339953988628 0.974175697182589 15.372542689310357
3400 31.772390233004156 0.9737938360415678 15.490780357908916
3600 31.706218194196566 0.9733855434280028 15.771244066134889

my_377
2200 31.83121745471648 0.974297655616852 15.396543780969266
2500 31.87297043825853 0.9744254980176528 15.41367826365771
2700 31.852194097590317 0.9742850586373538 15.342043520992293

my_377
2200 31.859747126778178 0.9743288691668587 15.368072968474365
2500 31.903237715124444 0.9744513708958651 15.434149169627037
2700 31.84413487133495 0.9743288481299252 15.328695915420266
3000 31.909422629657275 0.9743660384002216 15.267922062386962
3200 31.916434879608968 0.974281806678058 15.310357159182907
3400 31.82833780706885 0.9739602283041744 15.450546319999876
3600 31.753088211630754 0.9735064230819437 15.804461238377872

my_377
2200 31.826695870588168 0.9742564968565568 15.480689654614835
2500 31.873614423415237 0.9743812112884724 15.466759618829915
2700 31.82197465233624 0.9742259380014184 15.382945592350818
3000 31.81948014631628 0.9741153323395366 15.361596993295185
3200 31.90273060008166 0.9742697952265408 15.321959987940156
3400 31.78287764666552 0.9738448824793259 15.454610192122304
3600 31.742781098513678 0.9735297423633024 15.691771127164044

my_377
2200 31.819942484564958 0.9741210470543825 15.591355710524448
2500 31.84909314650265 0.9742563762129309 15.564601654236647
2700 31.851525352600422 0.974161065676633 15.49326675759758
3000 31.86247542580181 0.974123164134867 15.400278947271286
3200 31.89805169539018 0.9740861463036766 15.447495283588845
3400 31.799587647545145 0.9737606679691987 15.500447020572137
3600 31.763732685762292 0.9733594840860621 15.809523814512207

my_377
2200 31.82121823050759 0.9741743917771201 15.486817565412922
2500 31.88079290339016 0.9743770611158666 15.4049278555667
2700 31.83821425208433 0.9741959382187236 15.431807488501867
3000 31.866718052542783 0.9742605753123441 15.317584300802192
3200 31.90705988368886 0.97430299262312 15.305785991420798
3400 31.82177966928737 0.9739787111626589 15.380440856315154
3600 31.76529865468887 0.973557230941752 15.638100152665917

my_377

my_377

my_377

my_377
2200 31.790097920014894 0.9740610554575282 15.581986423641602

my_377

my_377

my_377

my_377

my_377

my_377

my_377

my_377

my_377

my_377

my_377

my_377

my_377

my_377

my_377

my_377

my_377

my_377

my_377

my_377

my_377

my_377

my_377

my_377

my_377

my_377

my_377

my_377

my_377

my_377

my_377

my_377

my_377

my_377

my_377

my_377

my_377

my_377

my_377

my_377

my_377

my_377

my_377

my_377

my_377

my_377

my_377

my_377

my_377

my_377

my_377

my_377

my_377

my_377

my_377

my_377

my_377

my_377

my_377

my_377

my_377

my_377

my_377

my_377

my_377

my_377

my_377

my_377

my_377

my_377

my_377

my_377

my_377

my_377

my_377

my_377

my_377

my_377

my_377

my_377

my_377

my_377

my_377

my_377

my_377

my_377

my_377

my_377

my_377

my_377

my_377

my_377

my_377
2200 31.76966360163561 0.9740384184421702 15.504911947836053
2500 31.790069472981006 0.9741448777563431 15.501107380571051
2700 31.835874934884952 0.9742268612359296 15.273656805648521
3000 31.88921362321007 0.974273940777396 15.254678144891631
3200 31.907558971547825 0.9742887386663712 15.22200671522654
3400 31.796944888517817 0.973917331606309 15.358193050372728
3600 31.678557222539727 0.9734159303221472 15.77530206270755

my_377

my_377

my_377

my_377

my_377

my_377

my_377

my_377

my_377

my_377

my_377

my_377

my_377

my_377

my_377

my_377

my_377

my_377
2200 31.76946164707449 0.9737427998035348 16.15212784512317
2500 31.81127207546948 0.9738382453268224 16.05518869707052
2700 31.75910062330929 0.9736053245590331 15.900515677297815
3000 31.81401337914288 0.9736524358152705 15.870465329265528
3200 31.832348634852444 0.9736056716684351 15.75625218316554
3400 31.74405110201096 0.9732440950717518 15.906955248721061
3600 31.614381856459346 0.9726626050663504 16.315247945706634

my_377
2200 31.61306708126782 0.9731480045752091 16.37135388050726
2500 31.707222841640206 0.9734349526504781 15.997211050421477
2700 31.701653674324564 0.9733802121590802 15.832068149578125
3000 31.73498485177596 0.9734219811498162 15.711141326888038
3200 31.712182004184008 0.9732765225484409 15.684162084770234
3400 31.69764559536694 0.9731613529875953 15.64095772673341
3600 31.56789980087688 0.9724971895868127 16.123224779425616

my_377
2200 31.708011163109763 0.9734826277602802 16.299227524030815
2500 31.76663255946521 0.9736385084091023 16.03639055850273
2700 31.702656001330695 0.9733800261734641 15.941568804695644
3000 31.741315724377962 0.9733845757290641 15.894775054751232
3200 31.776587231273954 0.9733825681362559 15.789675127894164
3400 31.699483519569437 0.9731530379802785 15.850609599209246
3600 31.633192368369688 0.9727079471483587 16.17783389208629

my_377
2200 31.766871554328795 0.9739227411262491 15.853796657274433
2500 31.77055425184933 0.9739557705461022 15.774282335458114
2700 31.792550816255456 0.9739319835117156 15.658910117326254
3000 31.792406051554142 0.9738320854895892 15.64293697272193
3200 31.87825417136126 0.9739429004052106 15.534578521242912
3400 31.759538079328077 0.973540161223335 15.719107545185135
3600 31.633772656241838 0.9730030398636578 16.144935201036738

my_377
2200 31.730288179162986 0.973683016982308 16.114169960831575
2500 31.826967167981802 0.9739210019137132 15.781463166190816
2700 31.785688425767866 0.9737772492163959 15.710786064678333
3000 31.80145688490434 0.9738012265394078 15.563319564204322
3200 31.830515560619332 0.9737935888575997 15.541011184942036
3400 31.78514610637318 0.9735587113362582 15.589221480257688
3600 31.66184356505858 0.9729771328801139 16.05635767996829

my_377
2200 31.762169547259486 0.9739092389211297 15.709057373099307
2500 31.789802739964447 0.973940694395871 15.666390084387624
2700 31.79467604632046 0.9739099941789147 15.55127372347655
3000 31.751753011489296 0.9737253547671006 15.62991251740704
3200 31.829578537354493 0.9738105188079058 15.534353863328375
3400 31.747562586942458 0.9734102379192004 15.663092779145044
3600 31.69932729547674 0.9730696794502237 15.912265231693413

my_377
2200 31.771075539410432 0.9738136147432785 15.876123325570541
2500 31.84653927808139 0.9741193446564801 15.660015462753286
2700 31.826717249212415 0.9740270497327181 15.572755901332208
3000 31.814643885362592 0.9739032323985176 15.576683611106027
3200 31.86024342501227 0.9739447055972196 15.55806602585443
3400 31.80507309551545 0.9737420595265964 15.604621938673809
3600 31.68723803535502 0.9731816885305598 16.046213324774396

my_377
2200 31.69577606221571 0.9735347784776738 16.397612580262564
2500 31.775764011444252 0.9738614149590864 16.039568684337766
2700 31.7735155431982 0.9738049183618576 15.87331099286277
3000 31.748396791876317 0.973712783605657 15.763646559441153
3200 31.813698080134262 0.9737576867807357 15.765045864139008
3400 31.739446940906543 0.9734187346091244 15.799652425233614
3600 31.676628847173188 0.9730142549397474 16.047918549016675

my_377
2200 31.678296328865905 0.9733374286144174 16.20321258414477
2500 31.779066136814055 0.9736113635932697 15.948139629102645
2700 31.730914605492575 0.9734396045220727 15.871013083898607
3000 31.740880655094898 0.9734634969004973 15.763742417186737
3200 31.775959784971835 0.9734359330990735 15.658334338350251
3400 31.738016378433308 0.9731975310945256 15.730678554584477
3600 31.61568047018612 0.9725796730123101 16.135184009644117

my_377
2200 31.773051552594026 0.9740577126569289 15.656184893161216
2500 31.836461240595035 0.9742470982877965 15.610730157228794
2700 31.82527669610824 0.9741592921993949 15.41950392790816
3000 31.81417892578451 0.9740516839817883 15.489170703797893
3200 31.85077506080668 0.9740567580263881 15.460209400557419
3400 31.80407459340631 0.9738562613885032 15.46209328683382
3600 31.701135926068147 0.9734222965444472 15.81248959755515

my_377
2200 31.77200696812594 0.9739020705860566 15.810053394659157
2500 31.834033654972828 0.9741113574747096 15.673336498240097
2700 31.777457293342138 0.9739531020429683 15.595499959022284
3000 31.81638628913757 0.9738852738696623 15.549878948393031
3200 31.837755754032234 0.9738598105741694 15.54966215567195
3400 31.76376866529332 0.9736336152502559 15.62370342715459
3600 31.676178131511502 0.9731701075393248 15.945595295671474

my_377
2200 31.666991473519225 0.9732026507191479 16.264643104258866
2500 31.76673353674577 0.9734768180604924 15.902659203359148
2700 31.72040369676396 0.9732588569429469 15.997568959679034
3000 31.77693623527486 0.9734181290004342 15.793039508283455
3200 31.764573816309635 0.9733350995708914 15.764575766618636
3400 31.681608791657307 0.972969339015012 15.84143645284488
3600 31.612768321113787 0.9725414227674352 16.165988396524508

my_377
2200 31.64251410132423 0.9731761306364906 16.27880565443619
2500 31.7332405610518 0.9734536383878738 15.949437133270628
2700 31.694717677519282 0.9732739385117821 15.885167580874844
3000 31.74503940949465 0.9733347261653227 15.692707914410825
3200 31.755723172968082 0.9732294226075238 15.698673345527068
3400 31.702165159949644 0.9730581798974205 15.710408143191172
3600 31.568121813197823 0.9724247995863623 16.130587645124066

my_377
2200 31.697915796290104 0.9735521879744402 16.372439115343084
2500 31.792586851884973 0.973965279080651 15.864213873796603
2700 31.743644632757665 0.9737972473715716 15.79585747873002
3000 31.806463975957367 0.9739063340712358 15.608392096806895
3200 31.78153848393078 0.9737062835119624 15.692228670505918
3400 31.757086774244662 0.9736431400406169 15.63282781355282
3600 31.684831486666265 0.9731318792876075 16.047857622093055

my_377
2200 31.734363443711224 0.9735888717646267 16.26623890556913
2500 31.81316672034442 0.9738576321359623 15.982918130024709
2700 31.757247404618695 0.9735892464451611 15.98582323640585
3000 31.746440035774107 0.9735673874775993 15.90255741528011
3200 31.81384554776278 0.9736577079576604 15.791779367830904
3400 31.730403910346208 0.9732862620111454 15.906097107183406
3600 31.56516600930117 0.9725926983802713 16.43283855553497

my_377
2200 31.70035211797704 0.9735517014156688 15.98261909081257
2500 31.811261763547193 0.9738439326299065 15.758979114340269
2700 31.758432255709234 0.9736687558538772 15.651388420041073
3000 31.805580368653974 0.9736853103267955 15.586782610392506
3200 31.804071201997644 0.9736185421280682 15.590460963527306
3400 31.723253132825228 0.9732719001604273 15.695449947205217
3600 31.583156560194045 0.9726478454263452 16.106959236885377

my_377
2200 31.760201897850646 0.9738867985692253 15.70336886975456
2500 31.80222951409651 0.9740686351283986 15.602478886989347
2700 31.773247570915018 0.9738710275627075 15.5507774032493
3000 31.755783728737242 0.9738374623385342 15.516669418473532
3200 31.83289076045235 0.973899446069238 15.421208178495021
3400 31.75650280937154 0.9735716259415774 15.586484532384947
3600 31.660904557947166 0.9731022382483763 15.958345599751421

my_377
2200 31.819553793432878 0.9741184976011673 15.567650983637984
2500 31.822115428944958 0.9742131169467049 15.575101249228744
2700 31.82912180895474 0.9741285013005058 15.428029869827515
3000 31.834636754530635 0.9741062643056246 15.386754684249825
3200 31.87022112780076 0.9740590222060361 15.385447493330998
3400 31.796836587834484 0.9738508952173957 15.465827130856997
3600 31.708269792444565 0.9733427611583056 15.835692280564796

my_377
2200 31.78331433770491 0.9740109491475762 15.64635964668291
2500 31.84818543724835 0.9741987295966734 15.565805059962253
2700 31.794400368144803 0.97403076450455 15.499983311576
3000 31.82912500656862 0.9740611566579278 15.403770773178513
3200 31.851395510097237 0.9740774853025528 15.406586141400236
3400 31.77216596654392 0.9737440981966926 15.490437275107531
3600 31.650443352479982 0.9731294801209699 16.021499376654386

my_377
2200 31.69026145833061 0.973275939092279 16.830528884588237
2500 31.69550696286288 0.9733565658490287 16.529138820036685
2700 31.684985568816646 0.973207551687159 16.373468159553518
3000 31.708206319553966 0.9731524926137158 16.225072679752333
3200 31.725710420047534 0.973068729760175 16.158380234404838
3400 31.698384198275477 0.9728419465177199 16.23713065008508
3600 31.581216399044912 0.9722787237422351 16.570673022857484

my_377
2200 31.71028552335851 0.9735865294933318 16.403784198477304
2500 31.81909351042885 0.9740476252879688 15.851774006424579
2700 31.798901501823874 0.9739343637132389 15.738367611034347
3000 31.840822321845884 0.9739360345557411 15.632661281123676
3200 31.830477944032392 0.9738607639297444 15.625773345115268
3400 31.769157807457255 0.9736243527840802 15.622227631987414
3600 31.662085599440303 0.9730824126916773 16.02817218959889

my_377
2200 31.655209189430277 0.9733902580916562 15.97670652719344
2500 31.733975782751397 0.9737037383617564 15.710227771657193
2700 31.708936140499013 0.9735551795219992 15.623276153041477
3000 31.77476565723113 0.973673260307567 15.483584592397758
3200 31.805707039042588 0.9736593488384695 15.470635091118952
3400 31.735603919003736 0.9733569585384532 15.58539066911939
3600 31.65055508027102 0.9728539197202671 15.934135306646478

my_377
2200 31.65261079410818 0.9732733690802425 16.960208149836024
2500 31.70806714430212 0.9734206084899086 16.575073693844086
2700 31.682916187347573 0.9731751317008931 16.38914801100677
3000 31.73389004386045 0.9732243382038279 16.21194491611126
3200 31.735109053831046 0.9730871676761198 16.232923674272662
3400 31.655262967481967 0.9727588684801112 16.27376953508446
3600 31.544201004313912 0.9721964773009805 16.632072042355084

my_377
2200 31.777633723090673 0.9740394039906282 15.656111639909406
2500 31.87871298560484 0.9743346045998965 15.46315531082013
2700 31.80663106275752 0.9740909188188971 15.465279520653626
3000 31.828751788419833 0.9740566947562171 15.40070349714136
3200 31.85354772863541 0.9740374966419953 15.375821161417559
3400 31.789685086133005 0.9737612608282323 15.470288570641593
3600 31.727135408370888 0.9733709876231331 15.827355443196183

my_377
2200 31.832141269337047 0.9740628807302464 15.887528620560698
2500 31.849650275898487 0.9741516073438572 15.788719843684591
2700 31.80619348434203 0.973962181073459 15.702368930619667
3000 31.80524287504308 0.9738428914610714 15.688960652121088
3200 31.812955886922417 0.9737277497900998 15.722053960951811
3400 31.77045809903884 0.9734606057564842 15.738553330202631
3600 31.655726789790677 0.9729392730934734 16.07285047268724

my_377
2200 31.746200734918766 0.9737069833087411 16.208260825630976
2500 31.795356046707234 0.9738805268537551 16.016881387521398
2700 31.76521800036099 0.9736669038068801 15.921994468525929
3000 31.83061897563424 0.9737431108951567 15.829813796130413
3200 31.8547678044773 0.9737672195396321 15.673685978281306
3400 31.73322176805792 0.9733009116853621 15.824869677255098
3600 31.604800020309693 0.9726608392389062 16.286434946870582

my_377
2200 31.719776464656075 0.9737506633136361 15.871326695569854
2500 31.788702230402492 0.973964386285945 15.7527592839962
2700 31.765764389446073 0.9738785495413815 15.573788660872268
3000 31.775582318637458 0.9738147580687374 15.542296266910386
3200 31.844121060906883 0.9738946463016265 15.449434012065037
3400 31.731886455719483 0.9734899052642882 15.597481261889007
3600 31.607526192690596 0.9729289675460142 15.989677250923158

my_377
2200 31.672846386139405 0.9733014044595911 16.510431659731633
2500 31.745321697092308 0.9735485795028707 16.140366020428146
2700 31.688678619058372 0.9732817913440459 16.141587390220735
3000 31.748908430497274 0.9733345261550842 15.983816286060899
3200 31.77867288640476 0.9733044089161775 15.874809630334694
3400 31.669509377709044 0.9728871077139747 16.063016498172505
3600 31.59445973768591 0.972472450949929 16.354544272516815

my_377
2200 31.710512941533867 0.9736614179483709 15.785909362416216
2500 31.81060180052079 0.9738971343971191 15.610735091495322
2700 31.744392905005796 0.9736487482958298 15.631746971372134
3000 31.761381557281002 0.9736529830942816 15.489450330910756
3200 31.812102144414727 0.9736727563773884 15.51882943193264
3400 31.69288099258341 0.9732499141744113 15.692925822726862
3600 31.641855790653327 0.9729050144473499 15.936968315213438

my_377
2200 31.652893846685235 0.9731247281645709 16.83947284840406
2500 31.6385531909963 0.9730883623189467 16.614596135316685
2700 31.68017572515151 0.9731163900485013 16.277044986618712
3000 31.71731703039159 0.9730468252125908 16.25978757682092
3200 31.756015502195304 0.9730847785498369 16.147655228222593
3400 31.63724770265467 0.9726872531806721 16.245902814767895
3600 31.523735959262133 0.9720438151436055 16.656460056210904

my_377
2200 31.71438697570148 0.9737235024013621 15.988492464178547
2500 31.811441166515653 0.9738971602151738 15.809402298082642
2700 31.78475196858778 0.9738408720748309 15.670571204792846
3000 31.76171515969669 0.9736717391141595 15.64132835701068
3200 31.83340048152495 0.9737616135156091 15.53802583167419
3400 31.744189282789584 0.9734033255334843 15.666300716018055
3600 31.644487799170182 0.9728217231717339 16.05657231246923

my_377
2200 31.666249718895568 0.9735997381376073 16.06543760567425
2500 31.75977436616459 0.9739238041288711 15.71590496715218
2700 31.736894128156855 0.973695838355763 15.641126161650378
3000 31.737552678521304 0.973672098973218 15.59096267870204
3200 31.837684095862077 0.9738586458930357 15.482193942276393
3400 31.745257923309815 0.9734703152574957 15.602413343295533
3600 31.648197408665947 0.9729484882265488 15.994056338384587

my_377
2200 31.732957355478867 0.9737612603501202 16.115740275279403
2500 31.822892240024505 0.9739893942593253 15.867876419349308
2700 31.79323427944897 0.9738980166733583 15.693306036413032
3000 31.764992341638248 0.9737755131912741 15.64044536982867
3200 31.805317327937978 0.9737377707014746 15.6178267866891
3400 31.754571001797434 0.9735235326430376 15.64259651580198
3600 31.69275538806609 0.9731078351882689 15.942045364200192

my_377
2200 31.696353815456124 0.9736609187993136 15.975301425386082
2500 31.73625211154713 0.9737481576873657 15.764907234034595
2700 31.713624632932284 0.9736133672018101 15.646643697578
3000 31.788399522954766 0.9737648994208656 15.5259855838622
3200 31.76603893545222 0.9736548580906608 15.502128202249022
3400 31.70161637902897 0.9733788009314613 15.642069135717849
3600 31.686439702855072 0.973106204029073 15.840144432025319

my_377
2200 31.679306836051737 0.9734946511646005 16.270120222280845
2500 31.767627353974202 0.9737804748795249 15.94386023673463
2700 31.75936711663231 0.9736692757211266 15.828312504140133
3000 31.785949457137978 0.9736948139208523 15.707215682708005
3200 31.83707995593229 0.9737291203781883 15.58037033618333
3400 31.751856752895414 0.9734337870131201 15.69473520817763
3600 31.618843700796525 0.9728544145663154 16.057347517739483

my_377
2200 31.721065215248473 0.9736341708165438 16.1028358721757
2500 31.79297505343024 0.9738761086196185 15.842890630869622
2700 31.765417012301356 0.9737415570307543 15.735308764213547
3000 31.794120650877925 0.9738105910028365 15.579573567309243
3200 31.829295224684444 0.9737875534888895 15.511137051109403
3400 31.747588611541584 0.9734252992479558 15.632038711903885
3600 31.646164037327075 0.9729037595623954 16.034333366542096

my_377
2200 31.638785178648593 0.9731290399390745 16.2276630414361
2500 31.772838439533416 0.973545373282968 15.82277534071376
2700 31.713187187113224 0.9733524171107593 15.776015728473025
3000 31.71195160768886 0.9733214065990345 15.630487076201062
3200 31.767366276705328 0.9733504643414747 15.625494183663696
3400 31.69753059346408 0.9730882993675171 15.675310171234177
3600 31.627922114203955 0.972682982523811 16.06634880147157

my_377
2200 31.707271983916744 0.9736953902053322 16.061688706099506
2500 31.855235410884102 0.9741014234203705 15.717603166632472
2700 31.763503370438027 0.9738078032904129 15.657897759726977
3000 31.791864216646406 0.9737896978217649 15.60221092880051
3200 31.82304597028436 0.9737808784061575 15.546997916949465
3400 31.757929878438855 0.9734996144465584 15.64596099081763
3600 31.600597223496052 0.9727720318631055 16.143965534865856

my_377
2200 31.678086668412313 0.9733355142534735 16.47273315873774
2500 31.726628568720688 0.9735359632395167 16.14419668215641
2700 31.71346437994809 0.973391407473202 16.060160226462514
3000 31.806796084113298 0.9735187025949916 15.90228382308773
3200 31.77457060278418 0.9734251475270419 15.817966675734453
3400 31.69216486476959 0.9731506424791672 15.918422348418817
3600 31.630464324339187 0.9726843368560872 16.20976867174162

my_377
2200 31.66130817637724 0.9734620179403274 16.57674238982207
2500 31.734261206764586 0.9737306243595591 16.182276368001727
2700 31.73975259097502 0.9736348612104507 16.053469719634176
3000 31.737305702372666 0.9735673884338235 15.980862444615298
3200 31.77473207973541 0.973588704584754 15.873670836980327
3400 31.723502643605602 0.9733078200868106 15.84324066870831
3600 31.59294102408669 0.9726815991860659 16.37640741484409

my_377
2200 31.67501125743682 0.9734872251270926 16.575681526253728
2500 31.754815703407328 0.9737355133747672 16.0716909262785
2700 31.71436068080963 0.9735993395514666 15.95791299045484
3000 31.76494827372505 0.9736704827948687 15.771749059614887
3200 31.790649373263598 0.9736326990280558 15.716236351147533
3400 31.70525800225569 0.9732219130597649 15.860589440254602
3600 31.533936694344096 0.9724105951939036 16.415274423113797

my_377
2200 31.68492277420778 0.9736366861644276 15.891318881814492
2500 31.774455458085164 0.9738830839567643 15.749117512664293
2700 31.751967476013508 0.9737610480683372 15.575772176252649
3000 31.791570138166293 0.9738028290118763 15.551458507587006
3200 31.83509689983837 0.9738871471129636 15.436902395723497
3400 31.784054266577733 0.9736077474719063 15.491832635380367
3600 31.678173702668378 0.9731253350482267 15.914759780454604

my_377
2200 31.694951802014028 0.9735767383945179 16.250313416541736
2500 31.74404987294406 0.9737417297886016 15.951926130203798
2700 31.719820410172566 0.9736654715423277 15.773592392271533
3000 31.77158456690171 0.973668353283469 15.652943441126357
3200 31.815016338531983 0.973682286267612 15.57106281914574
3400 31.731963443246116 0.9733895178147177 15.659377404692815
3600 31.615966098193816 0.9727689824639794 16.05784509425614

my_377
2200 31.79121554981578 0.9740090905663801 15.686764842506875
2500 31.867941300499247 0.9741325789594395 15.59060425522493
2700 31.82237949473335 0.9739818466219672 15.56228301711978
3000 31.835642462745707 0.9739546745537436 15.496143814734117
3200 31.873480633618357 0.9739757041561412 15.496868689987748
3400 31.811683216196965 0.9737108498014868 15.522511098235048
3600 31.763062579109068 0.9733816490453832 15.743778867866185

my_377
2200 31.751948642220725 0.9737812226468866 15.898826913061464
2500 31.824518361831093 0.9741328277371146 15.703492387033561
2700 31.785219167005568 0.9739149407269483 15.603218765501031
3000 31.808440376730523 0.9739118742751565 15.532629016567679
3200 31.861758420811615 0.9739739467753445 15.49625223537379
3400 31.743569980968125 0.9735244058351465 15.612031773908093
3600 31.618726108163433 0.9729262101140251 16.127123584582364

my_377
2200 31.755306233696757 0.9738858519072201 15.793293480447588
2500 31.818448301305107 0.9740934516975586 15.665189208672006
2700 31.75419229109657 0.9738509892461134 15.617812296405512
3000 31.77982250764408 0.9739259009692758 15.475360225925948
3200 31.818491395144537 0.9738969578143747 15.46648953279311
3400 31.772111352114752 0.9736638426143217 15.509512759794923
3600 31.66845736274107 0.9731202614817389 15.87151113603722

my_377
2200 31.832013757471092 0.9741837438096337 15.667864818743524
2500 31.870571146674333 0.974301778377696 15.616112899154741
2700 31.80213580412023 0.9740922275711508 15.575384327713499
3000 31.821162677703693 0.9740159898836982 15.54830371461968
3200 31.87138112216072 0.9740289811463279 15.502849306144258
3400 31.778746854812702 0.9737425691941205 15.569510994190201
3600 31.671202261817644 0.9731434623506617 16.056457220671327

my_377
2200 31.781801407349935 0.9740478402790538 15.680604255733325
2500 31.8399781925793 0.9742025544936643 15.589139630948317
2700 31.762904335470758 0.9739352544361257 15.530124443637973
3000 31.757189924066715 0.9738850588785772 15.498484448743934
3200 31.840469523547167 0.9739944244769805 15.438256197594065
3400 31.77738941417021 0.9737433089929468 15.494859508452887
3600 31.678410805482912 0.9732237058208587 15.838299567915778

my_377
2200 31.677056491056227 0.9733623744332216 15.830598776552446
2500 31.72218493089319 0.9735771570613677 15.711808123969456
2700 31.70603200331091 0.9734461662922312 15.656509603508173
3000 31.698537785739184 0.9733424020961006 15.540366628789965
3200 31.745324354120754 0.9734092023283402 15.531660464746668
3400 31.693514767815085 0.9731246387576037 15.572117965289934
3600 31.633601050963374 0.9727648730902748 15.829655792524312

my_377
2200 31.64694612676447 0.9730510459864202 16.60760069256001
2500 31.7087258680619 0.9732322472939516 16.23306908012233
2700 31.633708805961405 0.9729984684742707 16.187312773722695
3000 31.719636876315356 0.9731334063777312 15.9544021284636
3200 31.729278436956555 0.973083362381726 15.915916734599175
3400 31.658247172513747 0.9727784519527047 16.01587426425381
3600 31.526571329902197 0.9721142587495997 16.450189105060726

my_377
2200 31.683179279062198 0.9734056858136692 16.041128893686647
2500 31.762192613938275 0.9736891503640036 15.839238987269407
2700 31.737141242001783 0.9735479056835173 15.748002504143006
3000 31.74202177996304 0.9735199079156559 15.674648129127243
3200 31.802443810325254 0.9735506776182409 15.643350641805934
3400 31.72584272068452 0.9732503483002198 15.713749124723321
3600 31.636911218816582 0.9727400656052451 16.06374692027382

my_377
2200 31.654563740612986 0.9732231282614131 16.248508428726446
2500 31.756159440718868 0.9735970603909722 15.780279447727981
2700 31.7191397672031 0.9734030761183264 15.77006356870347
3000 31.75513389403807 0.9734331116000599 15.645501706848808
3200 31.757203331605634 0.9733950913271164 15.648838065385338
3400 31.736903481304964 0.973255033639663 15.612978270317223
3600 31.56945304054627 0.9724932924948911 16.134532138625566

my_377
2200 31.61206442787048 0.9731333266923772 16.925991012311396
2500 31.755461779507723 0.973642081819116 16.215349455428793
2700 31.71539550924046 0.9734160724808187 16.134506250846194
3000 31.754350254242432 0.9734226544910574 15.98050595475311
3200 31.737599694155115 0.973348508862888 15.948249698233077
3400 31.723339453100518 0.9732184539185488 15.93859534446688
3600 31.65107738780465 0.972791529116146 16.139490998046284

my_377
2200 31.611916863344568 0.9731388941486888 16.81546868885902
2500 31.723496171879894 0.9735013836207874 16.258521354134707
2700 31.705209502561843 0.9733679831665467 16.064961346234867
3000 31.67717941304579 0.9733359826439841 15.886474085752576
3200 31.78398597941679 0.9735048386183651 15.741736721496451
3400 31.71044956554066 0.9731964998066743 15.823169088459268
3600 31.607558525819826 0.9727042468792614 16.178633442477267

my_377
2200 31.690491385638392 0.9735580164799715 16.678056985956623
2500 31.729878038008582 0.9736888639748414 16.240339666445625
2700 31.715408503690504 0.9735698661702201 15.996673298790492
3000 31.766358334750414 0.9735941751436753 15.85247968373332
3200 31.7788800275262 0.9735345010132712 15.79228280869158
3400 31.688625656984705 0.9731547218911788 15.86147234152584
3600 31.62155990294594 0.97275771113003 16.233608146561657

my_377
2200 31.612132199945297 0.9730497243251393 17.216627864555562
2500 31.663834928828763 0.9732428115000699 16.58474802373246
2700 31.674034205350008 0.9731569658307467 16.372827230330138
3000 31.66861746782925 0.9730650089322563 16.3168413166136
3200 31.728095294320006 0.9730590001784544 16.128276454852546
3400 31.6297789588969 0.9726651430448746 16.219401231563506
3600 31.512770331479647 0.9721058986403724 16.514697490648473

my_377
2200 31.646250398401268 0.9732350361219702 16.250957757294334
2500 31.701823866941073 0.9733980325135317 16.03240731924294
2700 31.676503625145568 0.9732150386042773 15.903496056456458
3000 31.703783698260462 0.973272709126141 15.740273033522746
3200 31.752172653687825 0.9733105523382278 15.729802102846577
3400 31.679470429445967 0.973002012719445 15.798880317731495
3600 31.612659918433202 0.9725552322392794 16.063315500032136

my_377
2200 31.744145612665676 0.9737821680339261 15.97812447826413
2500 31.802723165501884 0.973921469188629 15.83802798902367
2700 31.780134741635244 0.9738197646995279 15.664863469885951
3000 31.799316054359476 0.9738046080670891 15.54915273716464
3200 31.83804847084902 0.9737421788952567 15.572044260072754
3400 31.77044032091763 0.9735219292143449 15.629417262971401
3600 31.64526759366938 0.9728797059008144 16.035903016115256

my_377
2200 31.764213868003477 0.9736741022630171 15.963748642766378
2500 31.84487920138925 0.97383616474223 15.823413239403523
2700 31.78442888208889 0.9736100894244596 15.837040797055245
3000 31.8018168332105 0.9734996966818437 15.774865754267429
3200 31.782454750754614 0.9733458998050282 15.789626227233576
3400 31.71140791643112 0.9729897161537313 15.843489112701008
3600 31.603880560971835 0.9724013253966755 16.21884520459462

my_377
2200 31.807873583094956 0.9740740719007298 15.658938706937159
2500 31.885778467922922 0.9743074181883092 15.519032450293235
2700 31.85374073293757 0.9741812837633856 15.434559402280152
3000 31.847088793382287 0.9740598275062234 15.48184522049113
3200 31.88128768696504 0.9740763225338676 15.436700524084946
3400 31.80099545953108 0.9738029692580993 15.450879800716105
3600 31.698239510072103 0.9731994212311219 15.883879201924977

my_377
2200 31.757310739813 0.9739930360393727 15.651324711600568
2500 31.8233701838529 0.9741729673217324 15.559700596579573
2700 31.756088363933053 0.9739134066245134 15.554949217899278
3000 31.798259322018545 0.9739456455656551 15.447411133364877
3200 31.817884924577516 0.9739067750499847 15.454887016551858
3400 31.760653898677724 0.9736669752049573 15.480609682891616
3600 31.61100318725096 0.9729685478988178 16.078155771654874

my_377
2200 31.782801388419248 0.97395566424584 15.635353645040865
2500 31.834014780381146 0.9741196680196466 15.589516257548475
2700 31.804137469612975 0.9740160222359519 15.458760306209246
3000 31.842049598693844 0.9740659833591889 15.39684859736957
3200 31.854421768596463 0.9740438354525336 15.372688748828946
3400 31.765438829513794 0.9737492790196668 15.481941470438066
3600 31.714807505276113 0.9733216945819039 15.813613263143095

my_377
2200 31.64496979228953 0.9734035155033682 16.441701926330833
2500 31.771424334316965 0.9737287552598963 15.976283270965286
2700 31.74306539035736 0.9736128328318264 15.82687864339049
3000 31.74735038675726 0.9736206137879009 15.729037780852558
3200 31.789292784298166 0.973608424797415 15.669194668939804
3400 31.748830718790146 0.9734327342102234 15.696480196656628
3600 31.61037759729885 0.9727526181203158 16.187575780213834

my_377
2200 31.711673083789844 0.9735711236051059 16.48962804250778
2500 31.730395638368982 0.9737602682674632 16.12361854958263
2700 31.72040855693307 0.9736001078776497 15.984638890420847
3000 31.776667686707192 0.9737457357307169 15.766435626515731
3200 31.812891139066153 0.9737105766400933 15.686275702677069
3400 31.71961006633738 0.973400930032373 15.808188635357878
3600 31.609111989883175 0.9727512199610949 16.286864800797026

my_377
2200 31.70672836915694 0.97330116333171 16.764369280261786
2500 31.74507206391523 0.9733519866504771 16.466200496144793
2700 31.68815882065717 0.9731918297668192 16.33384448032886
3000 31.681799903910427 0.9730195458878808 16.31352072581649
3200 31.721779695806653 0.9730552954469772 16.145645827553007
3400 31.637156231518095 0.9726428078776375 16.305572452910123
3600 31.579214942646534 0.9722351568905427 16.569136803780488

my_377
2200 31.750954949282068 0.9738005720039102 15.792666847274743
2500 31.843725321764612 0.9741222278319578 15.621358822572995
2700 31.777818368717945 0.9738786663601104 15.560178683801768
3000 31.808964117325562 0.9739678540331794 15.451093118408703
3200 31.84109070211808 0.9738792259106661 15.487832215211208
3400 31.77934990337188 0.9736558218053317 15.516188207336446
3600 31.693385323101186 0.9731308154881319 15.927160283261761

my_377
2200 31.81120174326361 0.9740659575411342 15.682556126067503
2500 31.87088215669846 0.9742940133586924 15.50716931065096
2700 31.86471293954288 0.9741887053385138 15.43296845181581
3000 31.82403150344277 0.9739235376610474 15.562001354295143
3200 31.855278775016252 0.9739477942015398 15.463539274698272
3400 31.780307953370443 0.9736109006213631 15.587176402961028
3600 31.72107898487764 0.9732548103613011 15.887935904855713

my_377
2200 31.76952765969669 0.9740452006220179 15.705411013634128
2500 31.863770852114424 0.9742355311618132 15.589545017735842
2700 31.780552568282673 0.9738859830693127 15.562122886910794
3000 31.809503096310213 0.9739785082837477 15.428258055064049
3200 31.888982385237586 0.9740035487687524 15.441473270890944
3400 31.786756816394824 0.9736757906362972 15.537285912074745
3600 31.639063682148162 0.9729923800351148 15.951512022850348

my_377
2200 31.741095772401533 0.9739434588401712 15.650946659379622
2500 31.83130972653149 0.974276252449515 15.5536629269547
2700 31.77379031869817 0.9740095613474514 15.569411399948564
3000 31.810643950885627 0.9740581788162496 15.447015465700371
3200 31.87897307350036 0.9741531497335688 15.365091933156636
3400 31.76701905255649 0.9737274759912236 15.59175505492099
3600 31.68593818236162 0.9733264731532112 15.83762104837174

my_377
2200 31.803982260392946 0.9740444330926884 15.707054304925197
2500 31.821851057164807 0.9741920283771454 15.639301377004957
2700 31.800150861077128 0.9740067105242275 15.582412887205255
3000 31.863670043129332 0.9740770768354283 15.449652960025928
3200 31.86976191066803 0.9739933699210059 15.500309294398456
3400 31.801133013026597 0.9737610439246988 15.560537845613483
3600 31.753282623495007 0.9734156276771728 15.769057894713258

my_377
2200 31.63918855228526 0.9731450657793544 16.69504356266741
2500 31.718019939361408 0.9733981451886222 16.196553274132512
2700 31.683231909644793 0.9732686509104336 16.084410872728746
3000 31.72286761890758 0.9732888168829648 15.94141243214913
3200 31.731487146673352 0.9731752805531343 15.888553852324975
3400 31.696880508871637 0.972960848381175 15.914597067942116
3600 31.61574413177164 0.9724892857559224 16.181318258697335

my_377
2200 31.7221093713281 0.9737235213664763 16.105259151103343
2500 31.796776791944858 0.9739272019123648 15.839440588724806
2700 31.78074428231958 0.9738210226125258 15.723439458917007
3000 31.825454232526972 0.973824195205209 15.635496584379814
3200 31.842862037413894 0.9738093257587861 15.627796089346393
3400 31.77440290400051 0.9735391930462842 15.69889677827929
3600 31.639380465216814 0.9728969965070327 16.13047985076147

my_377
2200 31.664190889042327 0.9733489844250806 16.14866865161348
2500 31.774048453346293 0.973696526996592 15.811771542869787
2700 31.728094580339235 0.9734940348780728 15.762438519514179
3000 31.754932240368845 0.9735587989901476 15.631825650698518
3200 31.786518137722727 0.9735328834005855 15.646281410606308
3400 31.719475710455743 0.9731945755647465 15.713880660341067
3600 31.60572651745801 0.9727197765985274 16.0933538056153

my_377
2200 31.694667408173096 0.9736118514270068 16.072529542414262
2500 31.8211913950303 0.9739926497247767 15.766496270805359
2700 31.80016500299627 0.9739023290853449 15.64090457411214
3000 31.79887646149824 0.9738114335957695 15.650996502568535
3200 31.873961458869157 0.9739063951102169 15.583806240403238
3400 31.784394452916107 0.9735980593265696 15.6560914832501
3600 31.69242273422486 0.9731436381365526 15.981678326768591

my_377
2200 31.812791263355926 0.9742027823937768 15.606712562375685
2500 31.85842725682386 0.9742525117920043 15.660664753958502
2700 31.832042051509102 0.9741545689297232 15.568284738689341
3000 31.834301362063155 0.9741027493846607 15.505833156596132
3200 31.882095444011178 0.9741188891749968 15.492353072878032
3400 31.79436557178191 0.9738188491148106 15.568741910996282
3600 31.66537003848642 0.9732351829023922 16.04031299036693

my_377
2200 31.66970204032041 0.9733464724239818 16.76584790176886
2500 31.750106520831263 0.9735390268226358 16.452737214830627
2700 31.686422511218066 0.9732370365430963 16.39096988215644
3000 31.700372226735485 0.9731675467707893 16.231099634187263
3200 31.729527345953137 0.973163150211069 16.18193048874245
3400 31.647250022480193 0.9727952684310668 16.29550403163315
3600 31.49139145733838 0.9720426141259504 16.720408386984133

my_377
2200 31.760189352188515 0.9738830745538926 15.846349943907343
2500 31.853775687396205 0.9741470337232804 15.555274665335759
2700 31.7806743071041 0.9739112981500472 15.571939821210615
3000 31.842624485811445 0.9739371358073331 15.468338092310942
3200 31.83711753682019 0.9737749794587731 15.54078643862656
3400 31.764388186408873 0.973507993999012 15.611759065725106
3600 31.681112411825413 0.972922534866129 16.066194194453683

my_377
2200 31.798430111318986 0.9739570671861821 15.720465536762207
2500 31.845268932893312 0.9741346660782308 15.600858365788177
2700 31.835665687520233 0.9740483403843354 15.493636779028941
3000 31.848316626115277 0.9740027908016653 15.460096746633317
3200 31.835407027586257 0.9738907238697623 15.55677044036036
3400 31.745953406879607 0.9735770000812204 15.59870400127362
3600 31.615774271959925 0.9729501386696005 16.057958211351362

my_377
2200 31.677509481256656 0.9732624502742991 17.05054331690392
2500 31.758622648881715 0.9735092410748017 16.54118271345362
2700 31.69258690390357 0.9733113299079119 16.34616844535352
3000 31.698475949904495 0.9732115694227065 16.289802529615034
3200 31.722392678898284 0.9731778331937636 16.17259343209512
3400 31.632261816830557 0.9728231642016753 16.305772338640242
3600 31.55133141808331 0.9723900645811927 16.679655977171212

my_377
2200 31.76672676412817 0.9740267308319316 15.618270024019765
2500 31.859967150152684 0.9743091146894954 15.38990985074225
2700 31.791664934413316 0.9740813933910533 15.40985987347396
3000 31.829963602484227 0.9740470045390613 15.39631681093438
3200 31.84311185418603 0.9739938872383239 15.450667283612297

my_377
2200 31.63700648935083 0.9733983987474186 17.42536621915306
2500 31.621974078091707 0.9731981773427463 17.731122759713685
2700 31.652356361960344 0.9731242787391744 17.303289885428498
3000 31.588283013532504 0.9727570067115008 17.49259418992196
3200 31.54560208448114 0.972040725104949 18.312701258190813
3400 31.453615412992587 0.9715110124113725 18.185942847142247
3600 31.319477371991 0.970725598819753 18.956017234726225

my_377
2200 31.59468074533391 0.9728856552093423 17.9859965138217
2500 31.5897184973732 0.9724653956086877 18.18491505548597
2700 31.58121126348322 0.9724968300464956 17.950225008880707
3000 31.51264472696233 0.9721012953768439 17.845665585289506
3200 31.564644160755176 0.9715213528610168 18.446829971822506
3400 31.380886302274813 0.9707529259556754 18.68419758577079
3600 31.221986092348146 0.9693127598035781 19.623696027114427

my_377
2200 31.846432425759055 0.9745140051777987 16.20970115085496
2500 31.957729410997686 0.9745908062407039 16.192579711662894
2700 31.833101267483144 0.9741505049766703 16.20911496546976
3000 31.852566846551742 0.9740177195339916 16.117650041864675
3200 31.874651480486047 0.9739382639925747 16.314143623738364
3400 31.78167554273962 0.9734333426875863 16.54504986609367
3600 31.689944267272946 0.9727340150963176 16.886388275393827

my_377
2200 31.681626156689646 0.973908888464943 17.609794833323853
2500 31.78748577036322 0.9741700487659576 17.59756993960569
2700 31.61058755864434 0.973876598365804 17.439346250027096
3000 31.818704237912428 0.9741770473712268 17.039467839593872
3200 31.833059657703746 0.9739259989822612 17.634914978780845
3400 31.760869306676526 0.9735139482480318 17.51809767920544
3600 31.693872324285657 0.9730186500651313 17.975246655769684

my_377
2200 31.569010352068403 0.9724534123657859 18.57123416873382
2500 31.55921674412202 0.9723954685231581 18.496450101508493
2700 31.48888428325959 0.9721018515806147 18.361380134514945
3000 31.482455488194756 0.9716913182148958 18.315229584826504
3200 31.486020465585636 0.9713369803951385 18.983599445956916
3400 31.33949185437697 0.9709545126892029 18.926179900586124
3600 31.3213435086337 0.9704172225559459 19.19578034729562

my_377
2200 31.54741108226266 0.9720500557817877 18.361649090015792
2500 31.539764154403603 0.9719686183062466 18.392949128513507
2700 31.593038977148698 0.9720453250216927 18.058034586396445
3000 31.538430086431653 0.9714137318937536 18.59435346724595
3200 31.390805565737146 0.9708277092260472 19.031651298151935
3400 31.34441616445939 0.9705870341170917 19.080328349183425
3600 31.148972868281888 0.9698352048741304 19.697341261142714

my_377
2200 31.790830943673686 0.9744379112427247 17.30251609083803
2500 31.84415690274162 0.9742833920978606 17.419171414990476
2700 31.788070811307364 0.9742128386854487 17.366040433273913
3000 31.81566071127825 0.9740642395249024 17.287404582721187
3200 31.73506479212307 0.9734587911616034 17.917479605060368
3400 31.578970598027027 0.9728015626178068 18.23336315804465
3600 31.552463944583014 0.9723798404721652 18.5516334293201

my_377
2200 31.632233742086644 0.9733052798770965 17.943917995288885
2500 31.732785510506858 0.9734182466160167 17.95657362569781
2700 31.608485481955785 0.9730056248565409 17.79909042223172
3000 31.5339397389621 0.9723656547260794 17.92162583822155
3200 31.526773942345603 0.9720282148231159 18.67762117093817
3400 31.36151532565846 0.9711759160546695 18.916282867564554
3600 31.23998500701578 0.9703006076621499 19.51181089236615

my_377
2200 31.77967917090431 0.9743546092892712 16.447264193133872
2500 31.883309746808546 0.9744607235658614 16.403584932798847
2700 31.682848144980035 0.9739572256006659 16.42543350640226
3000 31.755969618731 0.9737936083008261 16.53418268131859
3200 31.77393806171927 0.973579487061118 16.910348944166763
3400 31.67004154837705 0.9730949221766568 17.147917823397858
3600 31.54356196602398 0.9723606831568448 17.685153882671646

my_377
2200 32.05987476920061 0.9751237256322952 15.560313795299772
2500 31.958782644832834 0.9744501102735651 16.082794557420165
2700 31.900390716797524 0.9743422151886842 15.729798370085774
3000 31.83962387962137 0.9738792051924741 15.916911299953005
3200 31.89901309599851 0.9737803755915738 16.19836923113481
3400 31.782542407193922 0.9731984995903178 16.240719322334318
3600 31.7298497541703 0.9725065232916948 16.748207708432233

my_377
2200 31.71215011474283 0.9737867408576496 16.782792486788274
2500 31.765359526649515 0.974036046368553 16.56807236931222
2700 31.74252301486418 0.9739320631970696 16.497880611369474
3000 31.744484911627946 0.9739052223011772 16.520767572291074
3200 31.85800804301379 0.9741798867197597 16.254937604946246
3400 31.7800886592763 0.9739809694455906 16.31603009978877
3600 31.7383464568439 0.9737310540229879 16.58125284232478

my_377
2200 31.793997453495777 0.9736449079398802 16.13028993192602
2500 31.714165983353066 0.9735207355277423 16.12735974706988
2700 31.779569936946114 0.9732729550351433 16.104928907604616
3000 31.779916554211294 0.9730364213334047 16.0015887670458
3200 31.70143017794359 0.9725150521745018 16.610631412941025
3400 31.507047311507442 0.9717450068596212 16.725178407056923
3600 31.5089834131659 0.9709640883188196 17.001690268317326

my_377
2200 31.457057702987587 0.9721389996176735 19.379894640097483
2500 31.479138710919546 0.9721335448364522 19.548422552366308
2700 31.456549981061148 0.9718643642045597 19.36438503889317
3000 31.406437731044175 0.9716422517988133 19.408333847388864
3200 31.324841030141247 0.9708873715630189 20.21765056499504
3400 31.231838226318356 0.9698986938611708 20.633207292938454
3600 31.057214038257293 0.969287847771364 20.807476831291286

my_377
2200 31.948920892521656 0.9751523103624741 15.875205302979538
2500 32.017535867538044 0.9750020346220801 16.01827136903284
2700 31.872085770183705 0.9747412733853181 15.913024365423835
3000 31.916098089779123 0.9745206764356337 16.00522430424384
3200 31.9067168414274 0.9743568978526375 16.214157905389758
3400 31.867239156508827 0.9739314634850955 16.32854661202048
3600 31.689170516110995 0.9729237596300196 17.140246616467273

my_377
2200 31.681549689349005 0.9734905969331609 16.916798039234894
2500 31.67416152342118 0.9734900286172162 17.03857208407897
2700 31.680143040131757 0.9734037269882977 16.93833679867221
3000 31.65416232022372 0.9731196286206576 16.883827180646477
3200 31.632865747665974 0.9727082722646029 17.44193452744082
3400 31.496218681335446 0.9720123367194823 17.72642992486689
3600 31.42630813211043 0.971515671932761 18.0916413191686

my_377
2200 31.55161996831231 0.972359824626841 19.385472684600614
2500 31.507987930175453 0.9721528500477897 19.619071260991102
2700 31.486286316325955 0.9716813044752028 19.613563982062637
3000 31.415970781907678 0.9712488745304352 19.461716532727134
3200 31.32548620356595 0.9704124616747871 20.145491724286007
3400 31.228441467897138 0.9697674026782499 20.11839215479353
3600 30.99463058410481 0.9680886333957712 21.0955919508628

my_377
2200 31.75699904640728 0.9735834730818946 17.30490770977847
2500 31.754709651763424 0.9734705386952283 17.48573854515817
2700 31.7203819101507 0.9728523604372605 17.42472867655722
3000 31.62739092270958 0.9722650011274265 17.454397266999603
3200 31.580084076539716 0.9717293478907111 18.195643383551406
3400 31.432861011933515 0.9708733611247118 18.4153853517205
3600 31.317727384720254 0.9697936827486211 19.060775933956556

my_377
2200 31.98063762685194 0.9749374600017772 15.999336321066245
2500 32.04559410319609 0.9748706506854072 15.899068282488834
2700 31.919678285160163 0.9744165437744262 15.999491199512374
3000 31.946614571433653 0.974261523249315 16.01347239827488
3200 31.961352098434364 0.9740143928298338 16.396930906921625
3400 31.879306477021405 0.9737441876036598 16.26216363470583
3600 31.822088159979344 0.9731124594887309 16.752552096657254

my_377
2200 31.890334129333493 0.9748512060247002 16.48953785860841
2500 31.852011369511402 0.9741684832674934 17.27085572762046
2700 31.822792976297794 0.9740625640606497 16.947176778081424
3000 31.840666444543846 0.9739441286752568 16.792313895502033
3200 31.93248636072332 0.9734127159743385 17.704869879479393
3400 31.814107583805836 0.9726508396832063 17.290683361118965
3600 31.59711713841892 0.971531834672479 18.37514246251175

my_377
2200 31.730342615096962 0.9741700135450312 15.840413609151053
2500 31.67748799043543 0.9739991866331049 15.948871745762819
2700 31.76347537729192 0.9741484379385882 15.820233435195716
3000 31.87071462621026 0.9743599898037425 15.675315207597567
3200 31.7627853454753 0.9740821642671676 15.900575398980452
3400 31.755231148418893 0.9738635278959324 15.991923705560161
3600 31.571133169898374 0.9731063656309709 16.578993125056677

my_377
2200 31.170159375603824 0.9713866664445336 19.567559610175735
2500 31.33717338031626 0.9719091419548911 19.214798051385795
2700 31.332416529323964 0.9719681339786651 18.902277606315312
3000 31.475145416463757 0.9722076463189354 18.78244375292072
3200 31.493801458634156 0.972142695902503 18.575447803253635
3400 31.50237948881751 0.9721403340286111 18.51028215169986
3600 31.40836965081526 0.9718978422529556 18.78510901385689

my_377
2200 30.99572815614588 0.9698289715670009 22.491037158325394
2500 31.121079429585663 0.9705883694842536 21.950642095211357
2700 31.187121003706824 0.9707349600957677 21.561215853288687
3000 31.300273125184408 0.9710258033505097 21.252397883603756
3200 31.34187149619036 0.9709080385970559 21.164638473388344
3400 31.314649709405746 0.9708028746479972 21.257209066142213
3600 31.183769812558424 0.9700057541622834 21.647699040305962

my_377
2200 31.798480487762287 0.974535110800024 16.691153796818007
2500 31.743787128020095 0.9741073704977086 16.960459036682856
2700 31.61318571937275 0.9739470061133889 16.838192274883628
3000 31.678049347617407 0.9738848814989793 16.89586566043968
3200 31.815902613063546 0.9740601707907284 17.09256465372475
3400 31.651682930196667 0.9734765015502664 16.92335626090513
3600 31.47771023939 0.9727654506497204 17.632195105985364

my_377
2200 31.77580154133353 0.9743362059567701 16.438839715571802
2500 31.72187499694008 0.9742052164625994 16.730085256843164
2700 31.65989234740721 0.9741444339089215 16.344702314525684
3000 31.706188334500723 0.9742120118702159 16.376014300846162
3200 31.754340610402153 0.9740354936709378 16.68042526206868
3400 31.708855486171128 0.9739489445393098 16.525789241201895
3600 31.515635164026268 0.9731352477468909 17.236713686071454

my_377
2200 31.532125733115453 0.9723511757378909 19.420354863638703
2500 31.382976639079537 0.9716926570882134 19.797882241978844
2700 31.403017288860788 0.971715429090561 19.759937931589263
3000 31.28531423354531 0.9708437385724827 20.085912910016145
3200 31.107989877303016 0.9699264344047097 20.990212998268277
3400 31.017159518073584 0.9693557699733877 21.150013937410662
3600 30.86262586665026 0.9683594180938394 21.497818444641357

my_377

my_377

my_377

my_377

my_377

my_377

my_377

my_377

my_377
2200 31.47533916534587 0.9718798645996154 20.488653157683295
2500 31.400112932378594 0.9717188563576356 20.53044238351883
2700 31.40051729028875 0.9714433181094613 20.442725535243113
3000 31.296161498615447 0.970782057646124 20.473881044430048
3200 31.248827658872553 0.9701537305021031 21.548379992040243
3400 31.048259306718958 0.9692361620976963 21.63717697279896
3600 30.89913924620113 0.9684326452686187 22.20552427604555

my_377

my_377

my_377

my_377

my_377

my_377

my_377

my_377

my_377

my_377

my_377

my_377

my_377

my_377

my_377

my_377

my_377

my_377

my_377

my_377

my_377

my_377

my_377

my_377

my_377

my_377

my_377

my_377

my_377

my_377

my_377

my_377

my_377

my_377

my_377

my_377

my_377

my_377

my_377

my_377

my_377

my_377

my_377

my_377

my_377

my_377

my_377

my_377

my_377

my_377

my_377

my_377

my_377

my_377

my_377

my_377

my_377

my_377

my_377

my_377

my_377

my_377

my_377

my_377

my_377

my_377

my_377

my_377

my_377

my_377

my_377

my_377

my_377

my_377

my_377

my_377

my_377

my_377

my_377

my_377

my_377

my_377

my_377

my_377

my_377

my_377

my_377

my_377

my_377

my_377

my_377

my_377

my_377

my_377

my_377

my_377

my_377

my_377

my_377

my_377

my_377

my_377

my_377

my_377

my_377

my_377

my_377

my_377

my_377

my_377

my_377

my_377

my_377

my_377

my_377

my_377

my_377

my_377

my_377

my_377

my_377

my_377

my_377

my_377

my_377

my_377

my_377

my_377

my_377

my_377

my_377

my_377

my_377

my_377

my_377

my_377

my_377

my_377

my_377

my_377

my_377

my_377

my_377

my_377

my_377

my_377

my_377

my_377

my_377

my_377

my_377

my_377

my_377

my_377

my_377

my_377

my_377

my_377

my_377

my_377

my_377

my_377

my_377

my_377

my_377

my_377

my_377

my_377

my_377

my_377

my_377

my_377

my_377

my_377

my_377

my_377

my_377

my_377

my_377

my_377

my_377

my_377

my_377

my_377

my_377

my_377

my_377

my_377

my_377

my_377

my_377

my_377

my_377

my_377

my_377

my_377

my_377

my_377

my_377

my_377

my_377

my_377

my_377

my_377

my_377

my_377

my_377

my_377

my_377

my_377

my_377

my_377

my_377

my_377

my_377

my_377

my_377

my_377

my_377

my_377

my_377

my_377

my_377

my_377

my_377

my_377

my_377

my_377

my_377

my_377

my_377

my_377

my_377

my_377

my_377

my_377

my_377

my_377

my_377

my_377

my_377

my_377

my_377

my_377

my_377

my_377

my_377

my_377

my_377

my_377

my_377

my_377

my_377

my_377

my_377

my_377

my_377

my_377

my_377

my_377

my_377

my_377

my_377

my_377

my_377

my_377

my_377

my_377

my_377

my_377

my_377

my_377

my_377

my_377

my_377

my_377

my_377

my_377

my_377

my_377

my_377

my_377

my_377

my_377

my_377

my_377

my_377

my_377

my_377

my_377

my_377

my_377

my_377

my_377

my_377

my_377

my_377

my_377

my_377

my_377

my_377

my_377

my_377

my_377

my_377

my_377

my_377

my_377

my_377

my_377

my_377

my_377

my_377

my_377

my_377

my_377

my_377

my_377

my_377

my_377

my_377

my_377

my_377

my_377

my_377

my_377

my_377

my_377

my_377

my_377

my_377

my_377

my_377

my_377

my_377

my_377

my_377

my_377

my_377

my_377

my_377

my_377

my_377

my_377

my_377

my_377

my_377

my_377

my_377

my_377

my_377

my_377

my_377

my_377

my_377

my_377

my_377

my_377

my_377

my_377

my_377

my_377

my_377

my_377

my_377

my_377

my_377

my_377

my_377

my_377

my_377

my_377

my_377

my_377

my_377

my_377

my_377

my_377

my_377

my_377

my_377

my_377

my_377

my_377

my_377

my_377

my_377

my_377

my_377

my_377

my_377

my_377

my_377

my_377

my_377

my_377

my_377

my_377

my_377

my_377

my_377

my_377

my_377

my_377

my_377

my_377

my_377

my_377

my_377

my_377

my_377

my_377

my_377

my_377

my_377

my_377

my_377

my_377

my_377

my_377

my_377

my_377

my_377

my_377

my_377

my_377

my_377

my_377

my_377

my_377

my_377

my_377

my_377

my_377

my_377

my_377

my_377

my_377

my_377

my_377

my_377

my_377

my_377

my_377

my_377

my_377

my_377

my_377

my_377

my_377

my_377

my_377

my_377

my_377

my_377

my_377

my_377

my_377

my_377

my_377

my_377

my_377

my_377

my_377

my_377

my_377

my_377

my_377

my_377

my_377

my_377

my_377

my_377

my_377

my_377

my_377

my_377

my_377

my_377

my_377

my_377

my_377

my_377

my_377

my_377

my_377

my_377

my_377

my_377

my_377

my_377

my_377

my_377

my_377

my_377

my_377

my_377

my_377

my_377

my_377

my_377

my_377

my_377

my_377

my_377

my_377

my_377

my_377

my_377

my_377

my_377

my_377

my_377

my_377

my_377

my_377

my_377

my_377

my_377

my_377

my_377

my_377

my_377

my_377

my_377

my_377

my_377

my_377

my_377

my_377

my_377

my_377

my_377

my_377

my_377

my_377

my_377

my_377

my_377

my_377

my_377

my_377

my_377

my_377

my_377

my_377

my_377

my_377

my_377

my_377

my_377

my_377

my_377

my_377

my_377

my_377

my_377

my_377

my_377

my_377

my_377

my_377

my_377

my_377

my_377

my_377

my_377

my_377

my_377

my_377

my_377

my_377

my_377

my_377

my_377

my_377

my_377

my_377

my_377

my_377

my_377

my_377

my_377

my_377

my_377

my_377

my_377

my_377

my_377

my_377

my_377

my_377

my_377

my_377

my_377

my_377

my_377

my_377

my_377

my_377

my_377

my_377

my_377

my_377

my_377

my_377

my_377

my_377

my_377

my_377

my_377

my_377

my_377

my_377

my_377

my_377

my_377

my_377

my_377

my_377

my_377

my_377

my_377

my_377

my_377

my_377

my_377

my_377

my_377

my_377

my_377

my_377

my_377

my_377

my_377

my_377

my_377

my_377

my_377

my_377

my_377

my_377

my_377

my_377

my_377

my_377

my_377

my_377

my_377

my_377

my_377

my_377

my_377

my_377

my_377

my_377

my_377

my_377

my_377

my_377

my_377

my_377

my_377

my_377

my_377

my_377

my_377

my_377

my_377

my_377

my_377

my_377

my_377

my_377

my_377

my_377

my_377

my_377

my_377

my_377

my_377

my_377

my_377

my_377

my_377

my_377

my_377

my_377

my_377

my_377

my_377

my_377

my_377

my_377

my_377

my_377

my_377

my_377

my_377

my_377

my_377

my_377

my_377

my_377

my_377

my_377

my_377

my_377

my_377

my_377

my_377

my_377

my_377

my_377

my_377

my_377

my_377

my_377

my_377

my_377

my_377

my_377

my_377

my_377

my_377

my_377

my_377

my_377

my_377

my_377

my_377

my_377

my_377

my_377

my_377

my_377

my_377

my_377

my_377

my_377

my_377

my_377

my_377

my_377

my_377

my_377

my_377

my_377

my_377

my_377

my_377

my_377

my_377

my_377

my_377

my_377

my_377

my_377

my_377

my_377

my_377

my_377

my_377

my_377

my_377

my_377

my_377

my_377

my_377

my_377

my_377

my_377

my_377

my_377

my_377

my_377

my_377

my_377

my_377

my_377

my_377

my_377

my_377

my_377

my_377

my_377

my_377

my_377

my_377

my_377

my_377

my_377

my_377

my_377

my_377

my_377

my_377

my_377

my_377

my_377

my_377

my_377

my_377

my_377

my_377

my_377

my_377

my_377

my_377

my_377

my_377

my_377

my_377

my_377

my_377

my_377

my_377

my_377

my_377

my_377

my_377

my_377

my_377

my_377

my_377

my_377

my_377

my_377

my_377

my_377

my_377

my_377

my_377

my_377

my_377

my_377

my_377

my_377

my_377

my_377

my_377

my_377

my_377

my_377

my_377

my_377

my_377

my_377

my_377

my_377

my_377

my_377

my_377

my_377

my_377

my_377

my_377

my_377

my_377

my_377

my_377

my_377

my_377

my_377

my_377

my_377

my_377

my_377

my_377

my_377

my_377

my_377

my_377

my_377

my_377

my_377

my_377

my_377

my_377

my_377

my_377

my_377

my_377

my_377

my_377

my_377

my_377

my_377

my_377

my_377

my_377

my_377

my_377

my_377

my_377

my_377

my_377

my_377

my_377

my_377

my_377

my_377

my_377

my_377

my_377

my_377

my_377

my_377

my_377

my_377

my_377

my_377

my_377

my_377

my_377

my_377

my_377

my_377

my_377

my_377

my_377

my_377

my_377

my_377

my_377

my_377

my_377

my_377

my_377

my_377

my_377

my_377

my_377

my_377

my_377

my_377

my_377

my_377

my_377

my_377

my_377

my_377

my_377

my_377

my_377

my_377

my_377

my_377

my_377

my_377

my_377

my_377

my_377

my_377

my_377

my_377

my_377

my_377

my_377

my_377

my_377

my_377

my_377

my_377

my_377

my_377

my_377

my_377

my_377

my_377

my_377

my_377

my_377

my_377

my_377

my_377

my_377

my_377

my_377

my_377

my_377

my_377

my_377

my_377

my_377

my_377

my_377

my_377

my_377

my_377

my_377

my_377

my_377

my_377

my_377

my_377

my_377

my_377

my_377

my_377

my_377

my_377

my_377

my_377

my_377

my_377

my_377

my_377

my_377

my_377

my_377

my_377

my_377

my_377

my_377

my_377

my_377

my_377

my_377

my_377

my_377

my_377

my_377

my_377

my_377

my_377

my_377

my_377

my_377

my_377

my_377

my_377

my_377

my_377

my_377

my_377

my_377

my_377

my_377

my_377

my_377

my_377

my_377

my_377

my_377

my_377

my_377

my_377

my_377

my_377

my_377

my_377

my_377

my_377

my_377

my_377

my_377

my_377

my_377

my_377

my_377

my_377

my_377

my_377

my_377

my_377

my_377

my_377

my_377

my_377

my_377

my_377

my_377

my_377

my_377

my_377

my_377

my_377

my_377

my_377

my_377

my_377

my_377

my_377

my_377

my_377

my_377

my_377

my_377

my_377

my_377

my_377

my_377

my_377

my_377

my_377

my_377

my_377

my_377
2200 31.903999384711767 0.9753286467197744 16.074595571978683
2500 31.98009429768445 0.9752355104780451 16.308970786730715
2700 31.936107446803128 0.9753660978799197 15.997397123193517
3000 31.957089725025195 0.9751973595211212 16.172745992195477
3200 31.910534098824076 0.9749708486432059 16.42275986356292
3400 31.882414318023518 0.9746098596463229 16.539153735088632
3600 31.822800758688206 0.9741088371863339 17.005495677258878

my_377
2200 31.922562930673198 0.9753778737815305 16.105483114261197
2500 31.949963850133557 0.9751460708398869 16.475918812348564
2700 31.892761113171908 0.9752566894107961 16.14992514272584
3000 31.973477195290958 0.9752265667532855 16.087238641983685
3200 31.868077737124842 0.9748289422555403 16.799235161154826
3400 31.819696314194623 0.9744480606068902 16.72007069041464
3600 31.77577897444128 0.9740970788155009 17.335059596873062

my_377

my_377

my_377
2200 31.92744034241865 0.9742797332651474 16.099615692395098
2500 31.9482339665214 0.9742351693903061 16.030069540209947
2700 31.931928792739296 0.9742287005332702 15.945677625583135
3000 31.90274060601219 0.974096289133643 16.058440230547745
3200 31.949115151390032 0.9740848901437565 16.22866393430507
3400 31.96833664593212 0.9741031047813394 16.229073903000447
3600 31.81060624250116 0.973481359647557 16.76932881949818

my_377
2200 31.918154425799525 0.9742857592309859 15.900836834176017
2500 31.98345870767685 0.9744005032720412 15.789783064196293
2700 31.951466845956077 0.9743303882884469 15.820046266750056
3000 31.91830732478177 0.9741807132162512 15.867254360613817
3200 31.987611638033453 0.9742217250367536 16.01180447300368
3400 31.989009867377458 0.97414394958134 16.102512772966993
3600 31.84083114970814 0.9737267403360356 16.585072761471256

my_377
2200 31.837581144934667 0.9741706443342932 15.568044051567819
2500 31.88568593601492 0.9743557986728647 15.42221696768454
2700 31.86286904850108 0.9742380802962869 15.41838876873175
3000 31.892254018528575 0.9742214260573056 15.338600691617092
3200 31.864603935078502 0.9740773684838239 15.36439274148866

my_377

my_377

my_377
2200 31.803792461961592 0.9738692901715511 16.13277181231675
2500 31.822318058387907 0.9738981815613285 16.06475177327959
2700 31.923049664964864 0.9741867997733151 15.799268902767272
3000 31.791385965854847 0.973660229634838 16.08498326661874
3200 31.844462846173627 0.9738845706653863 15.823445556794898
3400 31.85182648880475 0.9737291892035669 16.125101924819106
3600 31.871433049690825 0.9737367743537539 16.131471216428178

my_377
2200 31.71905990408248 0.9738454802029607 15.81406692194254
2500 31.739899472362186 0.9737823463621593 15.83104105848892
2700 31.850851684057414 0.9741505693320801 15.39353487480964
3000 31.73233884389327 0.97367422887925 15.713175664804561
3200 31.719250612232198 0.9736890766133114 15.567821526185138
