
my_377
2200 31.948196277564982 0.9746704562371519 15.535060853726057
2500 31.86546083658683 0.9743623618318253 15.750131423712947
2700 31.902600825333796 0.9744443651340923 15.466854884093548
3000 31.801678724315654 0.9741279726602784 15.653757310631564
3200 31.79103453820493 0.9740304167197198 15.59933032370916
3400 31.7509862755527 0.973701695100266 15.75307700136045
3600 31.715595694149243 0.9735945089190614 15.710050654949761

my_386
2200 33.4121059877198 0.9684622010596994 24.911892535138865
2500 33.40382454709179 0.9682748558140603 24.74643412132223
2700 33.36131274332853 0.9682998558720287 24.624062728147216
3000 33.40846442641998 0.9681799675570149 24.579804844590797
3200 33.340773649242415 0.9679391282279285 24.63863664815406
3400 33.23966837864296 0.9677079607124756 24.701296252717658
3600 33.20148353149243 0.9674090734716891 24.846784071344622

my_387
2200 28.03639168298545 0.9550984027672883 31.803518199787085
2500 27.885940583814094 0.9543945550584659 32.324085888617184
2700 27.935861101337508 0.954372227191925 32.09185943591829
3000 28.018560206522796 0.9545746886429667 31.748552240577396
3200 27.93892687308688 0.954251179842054 31.87783097415244
3400 27.96686771403508 0.9540667573944861 31.940600795655694
3600 28.000143499935376 0.9538474194809836 31.84830206928968

my_392
2200 31.824086865123245 0.9650819735700676 26.49917833360971
2500 31.816244739778234 0.9648992708083295 26.641850197995577
2700 31.878504221512824 0.9650170626092692 26.509607544674928
3000 31.767540811490612 0.9646779572596403 26.451851927390955
3200 31.775571871204537 0.9645906584937366 26.532027533888314
3400 31.697208719761097 0.9643627316677937 26.465525756738767
3600 31.695441216647794 0.9642781256293717 26.707749952058663

my_393
2200 29.90545323048653 0.9567245325120557 30.272107099180296
2500 29.886124453290837 0.9567579775631261 30.187965347235945
2700 29.884423536412857 0.9565425460078135 30.308758289519314
3000 29.88573633188627 0.9565584435850298 30.246430783629084
3200 29.824681615963037 0.9561726768143705 30.33693379224265
3400 29.843032954453754 0.9561813159817073 30.389834513642544
3600 29.819343577579957 0.95591615996107 30.481666005646982

my_394
2200 31.022999103663683 0.9591230247534958 26.763773069349156
2500 31.026776861409846 0.9591332525432277 26.67541546011422
2700 31.035672334729792 0.9591555370002234 26.493232201586586
3000 31.047001093375584 0.9592303129471317 26.469223809112858
3200 30.996476993507365 0.959029100355314 26.455427898245368
3400 30.96953249912636 0.9588935083033991 26.511686994936785
3600 30.962794215739276 0.958643792056236 26.685104149730268
