my_377
2200 31.718869046336795 0.9739112456639608 15.635004861890769
2500 31.755377681315448 0.9738800133309778 15.681368337959803
2700 31.894241958105265 0.9742415539022922 15.324792822076827
3000 31.76449244630103 0.9737672645504735 15.594274553024219
3200 31.743296657957618 0.9736773703946453 15.511881275733812
3400 31.722348386833982 0.9734625886468327 15.600823387712325
3600 31.745069006911848 0.9735242644277942 15.535587422727119

my_386
2200 33.288090665801235 0.9680902017932647 25.011933411286325
2500 33.236216184471836 0.9678594348143463 25.081545023211074
2700 33.20155891183378 0.9678639405581798 25.005672904414954
3000 33.305098969061504 0.9680061562388551 24.796268639235606
3200 33.192275151485156 0.9675499284300818 24.901746404396388
3400 33.148959910502285 0.9674751583267661 25.00651104255718
3600 33.176411946614586 0.9674554258501497 24.87911430581444

my_387
2200 27.953856636496152 0.9547340173681244 31.979751890572178
2500 27.93923263656659 0.9543998587031325 32.12919626228449
2700 27.985410684964904 0.9544231582756469 31.861055986720974
3000 27.974280701965846 0.9543172975882095 31.826429669053947
3200 27.98360122552439 0.9542458855471357 31.834840002347104
3400 27.959891792105026 0.9538868186520595 31.901895274676864
3600 27.947383009752972 0.9535376275954794 31.922655107051717

my_392
2200 31.85432048338134 0.9650923875199646 26.461666890782638
2500 31.826111769475858 0.9647706999164336 26.42765866608179
2700 31.832351721969307 0.9647040931450552 26.572983905005188
3000 31.78622368136708 0.9646908587434379 26.37404430636755
3200 31.695083532680652 0.9643170145713315 26.58619110782941
3400 31.67174197178261 0.9641163472701856 26.540725802381832
3600 31.64276413156205 0.9640035024878024 26.680752713264535

my_393
2200 29.862397682766954 0.956445947915566 30.218227568189473
2500 29.858177484250536 0.956500938960484 30.14033974385729
2700 29.82371772637888 0.9561984792810863 30.30089016075061
3000 29.730144340451023 0.9557652877492397 30.555456240220565
3200 29.79299504683465 0.9560069562006398 30.33975339612039
3400 29.790292761239016 0.9558187404266593 30.526697849567867
3600 29.739696385145855 0.9555114691330939 30.56446884443112

my_394
2200 30.9049021883839 0.9587476662561005 26.843125960614838
2500 30.83945796870384 0.9585354341512301 26.844983583926652
2700 30.85946859899355 0.9585396198331475 26.610011313141893
3000 30.78345702141941 0.9583106234627945 26.805593833035115
3200 30.782960084973933 0.9583088623709372 26.825153208872518
3400 30.77199037268716 0.9581908750600842 26.734043609257004
3600 30.69915244692848 0.9578124146167638 26.92958478834115
