
my_377
2200 31.71980418613979 0.973797584601811 15.765892126863559
2500 31.72334211894444 0.9738476423990159 15.529679205889503
2700 31.743698128291538 0.9739178234906424 15.509671155984202
3000 31.81796049118042 0.9741311590444474 15.300478598635111
3200 31.741940333956762 0.9738184172482718 15.593105680309236
3400 31.79007366997855 0.9739323314314797 15.370061388017522
3600 31.833729699452718 0.9739498832396098 15.291171527600714

my_386
2200 33.377957842690606 0.9685180758862268 24.230475603558478
2500 33.3785321417309 0.9684754717066174 24.115303477627183
2700 33.43348320733933 0.9685859054894674 23.963957210293128
3000 33.37158716474261 0.9683277674516042 23.98617720453157
3200 33.2714372253418 0.9680295190640859 24.1509401230585
3400 33.38264463061378 0.968334979613622 23.923308782811677
3600 33.359063438233875 0.9681867475736708 23.968599464833027

my_387
2200 27.958538341522218 0.9551028549955005 31.129286699883995
2500 28.059270702543714 0.9554527519714264 30.725054755097343
2700 27.99102168128604 0.9551614411955788 30.98011905948321
3000 28.015436231522333 0.9551240071796235 30.896079258194995
3200 28.00898318608602 0.9549552196548099 30.91925611896884
3400 27.964595685686383 0.9547210241499401 31.00250701996542
3600 28.01011474518549 0.9547969212418511 30.94952184440834

my_392
2200 31.83972525823684 0.9654599808795111 25.98695896610263
2500 31.83229168483189 0.9654413243134816 25.8983836624594
2700 31.875477068764823 0.9654044976120904 25.79217731287437
3000 31.941221862974622 0.965554135413397 25.732808219535013
3200 31.889433949788412 0.9654184031770343 25.83337289236841
3400 31.879133417946953 0.9652290196929659 25.887077997571655
3600 31.878019286564417 0.9652195110491344 25.929505712840527

my_393
2200 29.674081637972876 0.955814392055784 30.448869658367975
2500 29.711936526525587 0.9559087028957549 30.107475975971848
2700 29.724017923445928 0.9559816540706725 30.050427371724734
3000 29.758008686247326 0.9559731398593811 30.089633805411204
3200 29.68083012172154 0.9556851211048308 30.22911326294499
3400 29.69887418746948 0.9557299702224278 30.24569602284048
3600 29.702331447601317 0.955544189668837 30.403422395299586

my_394
2200 30.988574359530496 0.9587993588050207 26.334589560560527
2500 30.974588397798083 0.9587659285749708 26.215314336032385
2700 30.973310535975866 0.9587360027574358 26.330086722792615
3000 30.92507111776443 0.9585727466571898 26.201752210922894
3200 30.948471920376733 0.9586421222630002 26.248130330017638
3400 30.97563148407709 0.9587193139961787 26.17064676691024
3600 30.911982535407656 0.958500508580889 26.3288158533119
