
my_377
2200 31.80709350300345 0.9744742340582577 17.755770906407562
2500 31.7951318618448 0.9745105675516281 17.70378073508089
2700 31.842584528387547 0.9745568489645892 17.59215605440226
3000 31.84671290800533 0.9746469214638286 17.45872417923043
3200 31.863037680559614 0.9747048233919602 17.509315668401072
3400 31.788404398423463 0.9744984257348718 17.53971644771848
3600 31.7994797038522 0.9742334171093721 17.78820006146947

my_386
2200 33.38498315964153 0.9681608072895417 27.61982173414871
2500 33.450773759321734 0.9684307482790819 27.08169729274543
2700 33.477261992061834 0.9685141711949027 27.148820798505437
3000 33.453719710283735 0.9684539955248807 26.96170057493815
3200 33.4912877924302 0.9685287789546232 26.802007181141626
3400 33.49262757734819 0.9684616612559334 26.973144592030003
3600 33.399320541218636 0.9683997992844504 26.986491089477575

my_387
2200 28.127292485160623 0.9557701899087365 36.14666909079022
2500 28.011339126423717 0.9552931146506957 36.292782202761444
2700 28.21750697987602 0.9559972284630658 35.411725537901255
3000 28.172835497932635 0.9557272324906313 35.64254954497126
3200 28.214401642906473 0.9558100655754619 35.62566861111849
3400 28.077344190628132 0.9552601690598349 35.98053209025433
3600 28.097714592428765 0.9551421725813717 36.19728485411182

my_392
2200 32.009265965956416 0.9658156478787487 29.351318170401182
2500 31.96973734360965 0.965727995742451 29.426504384706362
2700 31.95624591704996 0.9657747315213004 29.264790852638807
3000 31.954697828241848 0.965696902995441 29.212364374117097
3200 32.082391881687755 0.9659449125037474 29.21443545125066
3400 31.923708548520334 0.9656509191275917 29.295666262826177
3600 32.058928056196734 0.965703276867535 29.375191115560057

my_393
2200 30.14056797843566 0.9574307581001424 33.42101157687724
2500 30.159803696494688 0.9578037564767236 33.215055072849445
2700 30.055230375279717 0.9572696402111155 33.332827715153364
3000 30.107820245671398 0.9574768055569042 33.25855876393815
3200 30.043198835403523 0.9571021658214017 33.4880887456039
3400 30.038235281877974 0.9571139885780008 33.56621803387123
3600 30.026472861754065 0.9570054711505053 33.781301065841134

my_394
2200 31.299565962929137 0.9600242604227627 29.167474446728583
2500 31.32990151675627 0.9601235405646543 28.97875663640107
2700 31.355931950125463 0.9602180126516576 29.032815215401946
3000 31.38371593046953 0.9602434099676774 29.049650693740595
3200 31.305579629173888 0.9600088040140223 29.246765891099994
3400 31.31482692453313 0.9600909046310792 28.9892263207485
3600 31.348907149411776 0.9600667537533663 29.243747514478343
