my_377
2200 32.15073379815794 0.9760213217147592 15.039482798312559
2500 32.11314135105336 0.9756844546280655 15.227389240152194
2700 32.18907883053734 0.9760611444628206 14.762753654657459
3000 32.115383388615456 0.9756658165728679 15.016468980086117
3200 32.110412704510516 0.9755972129624098 15.037626364589238
3400 32.11910927930132 0.9754554532489189 15.088868071781654
3600 32.078334060369755 0.9752760708165102 15.125689229794911

my_386
2200 33.48166085892365 0.9686333198173374 24.898245894149238
2500 33.43954480061678 0.9685041426944465 24.81701364610292
2700 33.43950105448063 0.9684951868043894 24.74207560993543
3000 33.42277212169658 0.9683423875426712 24.684195427604916
3200 33.39856328349821 0.9681601754757536 24.76620115339756
3400 33.324394904598805 0.9679722558884394 24.818115098094072
3600 33.28157225109282 0.9677646100020209 25.003410307090487

my_387
2200 28.075216010171157 0.9545825182222852 32.26855388354687
2500 28.067828501639912 0.9543253183364868 32.40653288130667
2700 28.078500731652525 0.9542039779721856 32.448068793330876
3000 28.105316183480227 0.9541484019001659 32.158592261937486
3200 28.087211240239505 0.953875653216151 32.30968825727785
3400 28.070783615112305 0.9535005438227614 32.36704017100882
3600 28.069369511110107 0.9532105176388717 32.47091555002691

my_392
2200 32.123763957945236 0.9659673396278831 26.09825863161174
2500 32.09648185751352 0.965780142475577 26.165291192192658
2700 32.13029574012222 0.9658238293410015 26.18118299364376
3000 32.09404292493975 0.9656884191082973 25.96392747046066
3200 32.04534688783961 0.9654253606034928 26.17274503894046
3400 32.040053092465016 0.9652174995059059 26.075449860876518
3600 32.0397423282057 0.9650289246014186 26.202287603200983

my_393
2200 29.96396662607914 0.956830405220598 30.176942802819553
2500 29.95745546143262 0.9567651301204991 30.070213329683497
2700 29.981153071427546 0.9566647806087462 30.18948152995243
3000 29.97720293103814 0.9565919991634807 30.13411220110932
3200 29.949755035528614 0.9564244670360362 30.14545333089114
3400 29.94448079448454 0.9563522995019159 30.240272800503327
3600 29.942405540402195 0.9562358559012747 30.2244112083391

my_394
2200 31.121374301215848 0.9592535195230436 26.484618939104536
2500 31.11517873598414 0.9593125114253923 26.41968480220028
2700 31.06984975691937 0.9590761856872495 26.400648080939504
3000 31.112196305218866 0.9591729098341378 26.350231436850812
3200 31.070283424954454 0.9590805054378777 26.41536162889638
3400 31.030392547949354 0.9588385257734304 26.49316391242402
3600 31.030443367837858 0.9587306226668906 26.494754313984338

my_377
2200 31.950088223155472 0.9747072438232037 15.327599935275334
2500 31.96376596445463 0.9746511626978215 15.35952883493416
2700 32.053621115804724 0.9749394217793014 14.956098571628416
3000 31.960852588258202 0.9745345254238247 15.226568334086352
3200 31.91306899041355 0.9743408403810667 15.243055758063868
3400 31.934661640840417 0.974243553078809 15.28165865616471
3600 31.882360250008208 0.9740385162730177 15.303499664046935

my_377

my_377
2200 31.719761925919048 0.973869508888875 15.594771253179852
2500 31.803166627216072 0.9740346653454778 15.61104492949588
2700 31.826029181814327 0.9741285343130096 15.234811388018752
3000 31.7178217569987 0.9736321147750405 15.571203201497887
3200 31.8501982061135 0.9739936855660767 15.29452845021164
3400 31.736519260566777 0.9735709118242023 15.56044205871909
3600 31.702953723298403 0.9732446740655338 15.72666469836185

my_377
2200 31.75510131344408 0.9739524080973714 15.697210881055572
2500 31.761815292828558 0.9739407870281979 15.706237679456965
2700 31.83340028287316 0.9741792602031505 15.332139689339643
3000 31.772540762978775 0.9739314285980887 15.45791428781399
3200 31.771675889899416 0.9737975171634129 15.489481804313279
3400 31.76369356107311 0.9735772678164207 15.553993932088884
3600 31.752710566801184 0.97350849190346 15.516719563031982

my_377
2200 32.167777224415154 0.9760699768026336 15.055487101965426
2500 32.13145850152195 0.9758508976768044 15.13268922505175
2700 32.20541321997549 0.9761495491703686 14.805601317571158
3000 32.14720433766769 0.9758268427782032 14.992091016901307
3200 32.13628229841131 0.9757365781386026 15.003644334314084
3400 32.1412798830775 0.9756410477542076 15.01339401121066
3600 32.099883637842346 0.9754001476517579 15.103021503559182

my_377
2200 27.917191817980854 0.9601906955409116 34.556365438870024
2500 28.143395886033858 0.9604567581532049 33.86356168705709
2700 28.080059527015152 0.9604025736910289 33.512165279490276
3000 28.26544425601051 0.9608637129559237 32.798759060121384
3200 28.263606848836947 0.9605881267902898 32.60517422975946
3400 28.36563256741906 0.9606798655178701 32.19447549463821
3600 28.4530027694061 0.9608209133148193 31.894259024359265
