my_377
2200 31.773148571409767 0.974171875070791 15.61487733232541
2500 31.8017210172338 0.9742214087010765 15.531300684484114
2700 31.88121841601631 0.9744807682117494 15.229501349314088
3000 31.81543944863712 0.9742111441801911 15.361566151327947
3200 31.823814653882792 0.9741531099591937 15.40725437418169
3400 31.80288057300557 0.9739072685148202 15.494235300821583
3600 31.797050438675225 0.973882853817873 15.481567172025766

my_386
2200 33.393969709465814 0.9686000701092204 24.500274159410754
2500 33.42117564952006 0.9686421488179546 24.56676314326645
2700 33.39273837968415 0.9685885333547405 24.493804851061658
3000 33.431993623407614 0.9686227131958435 24.519562536031426
3200 33.35908273221398 0.9683265894734893 24.64471698454281
3400 33.34509761927843 0.9683650431512785 24.53820953662155
3600 33.2952036977816 0.9679950724462835 24.707475630175164

my_387
2200 28.1110484393037 0.9554292347584786 31.515762747294097
2500 28.00050779818153 0.9549793153583837 31.66337262223415
2700 28.03107381868763 0.9547865106945946 31.59081091170384
3000 28.031676412630482 0.9547591827162841 31.51453286409378
3200 27.955026359451253 0.9544472567507533 31.77244221421183
3400 27.993147756539138 0.9543332891637871 31.604155105035176
3600 28.050124967131627 0.9542815002406678 31.490956289636323

my_392
2200 31.956389114636334 0.9655837728863671 26.1801945760387
2500 31.951163780789415 0.9654298209342637 26.191146329504438
2700 31.981753859533317 0.9654728586600274 26.150832829229973
3000 31.90921951742733 0.9652416402218389 26.12953655244339
3200 31.903090100328463 0.9650417431062009 26.21845743965869
3400 31.861833663213822 0.964905499076309 26.23439341240904
3600 31.854561835110022 0.964773083768305 26.373585419995443

my_393
2200 29.90683455160018 0.9568432971876877 30.001336348657848
2500 29.910936115168724 0.9568383964169928 29.921358326027374
2700 29.895377925798005 0.9566922576821485 30.043391667369033
3000 29.889165397451706 0.9565661481114662 30.117302079077195
3200 29.865576874976064 0.9563070019754041 30.173438948159124
3400 29.88468085216875 0.9563065635389975 30.21626621067357
3600 29.897721784789354 0.9562793894976127 30.107742016326313

my_394
2200 31.001826454611386 0.9590879657021424 26.59972788666894
2500 30.98610199466139 0.9591215850592327 26.5084380878746
2700 30.986353636455803 0.9590940966325647 26.38916227267403
3000 30.995485535522803 0.959147685048293 26.45133545032653
3200 30.953788842807633 0.9589881325970177 26.42107038583909
3400 30.907661774579218 0.9587526201200085 26.603643286774975
3600 30.93013009570894 0.9586873880955351 26.66505707913086

my_377

my_377

my_377

my_377
1500 30.987346820136747 0.9673361140472883 21.16456509930413

my_377
1500 31.51501484611789 0.9705085809491262 19.467340002269474

my_377
1500 31.60930064011689 0.970983050784477 19.0945561735236

my_377

my_377
1500 31.067088632022635 0.9679591068032743 20.705350374682943
