
my_377
2200 31.700905503345137 0.9738634454102075 15.75668819551291
2500 31.775821456054345 0.9741028959677667 15.533340450491057
2700 31.86852097177372 0.9744133877487076 15.206094672094707
3000 31.79519475407961 0.974189985866974 15.384915068286475
3200 31.83147528725846 0.9742416472328144 15.271613693923927
3400 31.826920170076086 0.9740542133315271 15.375274674398224
3600 31.831463752340536 0.9740867112197128 15.341148852613292

my_386
2200 33.41454589801008 0.968595970077675 24.05771386420944
2500 33.44245204337839 0.9685623503866649 23.970267054538766
2700 33.45612820323442 0.9687116550130337 23.968840156178345
3000 33.47919304898473 0.9686482091243862 23.96361304692277
3200 33.44962242404286 0.9685387160597729 24.007777012988967
3400 33.45646841652921 0.9685845328312295 23.963939028085115
3600 33.39114172051267 0.9682974347881242 24.13893839297425

my_387
2200 27.995244814234287 0.9552803760817071 31.07819536111268
2500 27.9143376711036 0.9549428296356308 31.41935166566312
2700 27.972295232179786 0.9549937854294016 31.155935329507713
3000 28.04042102375618 0.9552383853607819 31.016536933534287
3200 27.958171994078395 0.9549210771125238 31.295630345199292
3400 27.988748742752716 0.9547747792650004 31.235845086454347
3600 28.017241427210532 0.954775217701407 31.128641478821677

my_392
2200 31.889164831124102 0.9655224443817673 25.866728990810923
2500 31.919659350098684 0.9654378485278923 25.781439789453476
2700 31.987396010497704 0.965619524820846 25.717108627828228
3000 31.9285099980544 0.9654653716821965 25.602090735958907
3200 31.947369465974866 0.9653251014169859 25.809915624141524
3400 31.883168356759207 0.965071446922313 25.97789012980895
3600 31.946763490094526 0.9651575035073844 25.998745857104034

my_393
2200 29.88676625206357 0.956614683322212 29.829921232176428
2500 29.894876768609056 0.9566510144402 29.73011444930603
2700 29.885285674023027 0.9565802218199444 29.784044762160264
3000 29.93466633708537 0.9567336431738376 29.750369510062935
3200 29.904363541376025 0.9564624787712631 29.8763998061502
3400 29.91843957660579 0.9564878601653903 29.8459765185662
3600 29.928246057334068 0.9564614538051167 29.857946664136666

my_394
2200 30.949457633395156 0.9589258891527727 26.33311812627633
2500 30.961055963981053 0.9590653226155192 26.19165607339361
2700 30.958928746669567 0.9590101270448594 26.043770143485702
3000 30.9681340065323 0.9591685945914239 26.09546312994483
3200 30.93451324163699 0.9589748152163851 26.017638695548897
3400 30.895584902509587 0.958750545310707 26.16228179155695
3600 30.962307013717353 0.9588876875842652 26.117612242552582

my_377
1500 31.665535640983688 0.9728753336337435 17.894052965592603

my_377
1500 31.60609947332815 0.9722673271884438 18.43033935509476

my_377
1500 31.772639181099688 0.9732255309569735 17.739417931424974

my_377

my_377

my_377
2000 31.555204893694537 0.9722011999255803 17.184817793072106

my_377

my_377
2500 31.693704402079437 0.9731242065670109 16.034842014876233

my_377
2500 31.75306626862171 0.9736513356868627 15.902421666773595

my_377

my_377
2500 31.78034428187779 0.9739933195902186 16.29295437505432

my_377
2500 30.813812822186982 0.972770216084328 23.71033160042028

my_377
2500 30.69464898844059 0.9729759936907044 29.22234961799547

my_377
2500 31.614915025000478 0.9715738019355539 16.622412328918774

my_377
2500 31.719630986702544 0.9726436405288739 16.271286638824044

my_377
2500 30.693819970309903 0.9727626406178087 25.23335157593592

my_377
2500 30.663784967417143 0.9727323270645463 26.66564937420085

my_377
2500 31.503088948439483 0.9733505320816147 17.650727198279203

my_377
2500 31.095323765645173 0.9726481596294906 20.635130640421927

my_377
2500 30.9236258552188 0.9729046427569136 23.25418746458883

my_377
2500 30.963546010292546 0.9725573328362793 21.239295755760846

my_377
2500 31.321181337372597 0.9720323673483371 18.41745512815667

my_377
2500 30.992764908392555 0.9720712703149191 20.897556271101415

my_377
2500 31.02159347320471 0.9719696019877907 20.60545530660647

my_377
2500 31.036023698267147 0.9728631889786707 21.024747542953456

my_377
2500 31.313589683767795 0.970011122754308 18.527002840795937
