my_377
2200 31.96658399459027 0.9750750801142525 17.63824662532793
2500 31.965853586918165 0.9750205927870187 17.46852696985424
2700 32.026202236570896 0.9753524241995077 17.006538792693316
3000 31.957458896797245 0.9750950613609549 17.24844773662608
3200 32.01043064854726 0.9751789631629858 17.215469502517823
3400 31.959926567825615 0.9749315025425759 17.284691005068666
3600 31.966114386123103 0.9749659450114274 17.29708805638535

my_386
2200 33.667708185874446 0.9691444935918856 27.24062793050744
2500 33.59748485575871 0.9688196003604002 27.0864859077276
2700 33.58841098924311 0.9690236667958962 27.003135808667885
3000 33.636260526854784 0.9689789339273918 26.917333310308244
3200 33.56581060158438 0.9688547863011935 26.980049289888193
3400 33.56195707347881 0.9687111060492465 27.044497396410847
3600 33.53480439493302 0.9686036572402933 26.957000305756132

my_387
2200 28.13915290618811 0.9560216873967681 36.046614510421996
2500 28.03900553599125 0.9557521925920865 36.09234495323245
2700 27.950105987677052 0.9554448768872172 36.23812687935449
3000 28.04825174240839 0.9556314814992312 35.86275399211241
3200 27.932032037515935 0.9553253229926614 36.24941964297235
3400 27.988474485253086 0.955400488623718 36.040572313910104
3600 27.952829954003086 0.9551206484896129 36.057352242307836

my_392
2200 32.11645386532909 0.966371973522571 28.858128622049044
2500 32.14449528285435 0.9663521119860374 28.7939125896335
2700 32.173442995514854 0.9663759874028652 28.887854977732616
3000 32.11866949385956 0.9663782054636659 28.73030336213713
3200 32.08659707397974 0.9660711523865452 28.937066172142654
3400 32.1572671457499 0.966103646267696 29.081799789052717
3600 32.13241736361292 0.9660771178598163 29.08965675499426

my_393
2200 30.03503714489336 0.9574027146611895 33.23258861315017
2500 29.996677601704743 0.957460650542871 33.12920117411627
2700 30.025488556934004 0.9573499832500597 33.09013007380882
3000 30.022060105780593 0.9572801549895471 33.10571924498936
3200 29.980655376316786 0.9570533831914266 33.19489242149
3400 30.007524260619775 0.9572084980184624 33.22033410897108
3600 30.0155487113974 0.9570793758253423 33.13720781950891

my_394
2200 31.3331115466206 0.9601692548986911 28.990494906484912
2500 31.34487218883525 0.9603716467275005 28.699997006406804
2700 31.38006116295395 0.9603190857823155 28.629915102669337
3000 31.38081436264081 0.9604214336357865 28.65304044481753
3200 31.342688937147123 0.9603250701220429 28.64192322637437
3400 31.279617966724043 0.9600887353680715 28.89189188021655
3600 31.319281190717255 0.9601375819588241 28.952082626897248

my_377
2200 31.950125162674933 0.9750942380822339 17.535010644910383
2500 31.958942050025577 0.9750129577158546 17.454496639616348
2700 32.00911970699535 0.9753655380561572 16.918882524140745
3000 31.934906107370928 0.9750951830746413 17.182576399640876
3200 31.956983315176657 0.9751148666320395 17.144053676152595
3400 31.94005629061317 0.9749089609675047 17.160266906503036
3600 31.937723036907634 0.9749758091627383 17.129383856008033

my_386
2200 33.59124373321106 0.9690254335643864 26.992483059314786
2500 33.555020516660036 0.9688415213459346 26.743101762185077
2700 33.50872724730761 0.9689040080505927 26.67905638876165
3000 33.57799155505098 0.9689010022735062 26.664855185614414
3200 33.4923129949917 0.9687107380698708 26.634554229989774
3400 33.50314708250244 0.9686216695302007 26.72887430200223
3600 33.50538681735512 0.9685850375506725 26.710435192437235

my_387
2200 28.13044851500781 0.9560766852870375 36.14560185464658
2500 28.032395808970563 0.9558211534964938 36.06730186659582
2700 27.95968279050512 0.9556056384612867 36.079783587395646
3000 28.027127797530145 0.9556743355692268 35.81727162024387
3200 27.905928117554396 0.9553420031104102 36.20428134392457
3400 27.95647489724039 0.9554288682817411 35.996690449886636
3600 27.967950222538967 0.9552947501508462 35.98744520807968

my_392
2200 32.12044988893995 0.9664503861876095 28.827262327534147
2500 32.10437820605537 0.9663002699697051 28.830484907124557
2700 32.157244984175314 0.9663463274971777 28.887844558398264
3000 32.092072633802054 0.9662830053257341 28.711638275106083
3200 32.042450122138696 0.9659886812629486 28.90347759304594
3400 32.134922358836114 0.9659816731257933 28.96996269247779
3600 32.10645755799879 0.9659540492947362 29.051272548129912

my_393
2200 30.014730464176637 0.9574781265579352 33.160676365765205
2500 29.973218501115046 0.9575262714166936 33.060314222460704
2700 30.009015401204426 0.95741253940999 33.098901629823594
3000 29.98934087566301 0.9572690558366749 33.26325545332679
3200 29.947567344045773 0.9570240142966518 33.34545676990384
3400 29.983416570668794 0.9572159562792096 33.30599573500851
3600 29.988000960577104 0.9571528403031058 33.20534882091341

my_394
2200 31.32168229153844 0.9601517191120222 29.011819845571573
2500 31.353039343483974 0.9603950830400825 28.672927427066472
2700 31.37083450018191 0.9603558229465111 28.66126060308445
3000 31.383551936857508 0.9605061062911645 28.601981068150003
3200 31.351905197656457 0.9603856576590979 28.616539951340826
3400 31.298050541169836 0.9602098329728391 28.82597468668172
3600 31.33542666181463 0.9601734621184213 28.87307492499592

my_377
