 

my_377
2500 31.824456372514828 0.9738252106167021 16.124803351149673
2700 31.96188907997281 0.9742610285929939 15.792015673858778
3000 31.77935886115921 0.9736169129192662 16.20403237390418

my_386
2500 33.43664584440344 0.9683041243660016 24.728566864688023
2700 33.43970828229973 0.9684352504105127 24.60581191270208
3000 33.474309098486806 0.9684345199614346 24.70351804141738

my_387
2500 28.010149317295276 0.954601797236114 32.35586820279851
2700 28.018160892133952 0.9546164382739561 32.06724846730379
3000 27.958557705919283 0.954281915302704 32.27342280144451

my_392
2500 31.80163692292713 0.9648418615178234 26.733337473698192
2700 31.801450681285697 0.9648037995276999 26.73878102023311
3000 31.773947542121096 0.9647468248335254 26.769682097167863

my_393
2500 29.900384203058664 0.9565828442573547 30.305086042867657
2700 29.885359964450867 0.9563670243535723 30.4056847525411
3000 29.8433552963727 0.9560560321941429 30.691464945506983

my_394
2500 30.891498736640653 0.9585561019365861 27.069737182549236
2700 30.981006889450118 0.9589010440334886 26.828437920983266
3000 30.98388052120262 0.9588660626184373 26.839319196547947


my_377
2500 31.872087291642732 0.9745449694264837 15.597403915572901
2700 31.911541594176732 0.9745754966882765 15.368197201972915
3000 31.84574931809882 0.9744480893391521 15.451516825653593
